15
7
1.38672
0.971642 0.649869 0.508733 0.449957 0.483132 0.41508 0.384102 
41.5196 0 4 1 12 23 -1 3 12 21 -1 
13.051 0 3 7 -1 14 -1 1 8 15 22 
0 1 0 14 15 16 -1 0 -1 1 -1 
0 0 1 14 -1 15 -1 0 1 2 -1 
6.6788 0 2 1 2 3 4 12 -1 21 -1 
-0.042629 1 0 14 16 18 -1 18 -1 20 -1 
0 1 0 3 4 5 -1 4 -1 5 -1 

15
3.01482
0.996021 0.799434 0.597363 0.490563 0.4443 0.43156 0.395661 0.472465 0.442321 0.413305 0.44724 0.420205 0.407837 0.419195 0.434163 
-30.3132 1 1 16 -1 24 -1 1 6 11 -1 
-0.733283 1 1 20 -1 23 -1 14 18 22 -1 
0 1 0 15 18 21 -1 0 -1 1 -1 
-2.68485 1 0 7 9 11 -1 7 -1 11 -1 
-2.565 1 1 14 -1 16 -1 6 10 14 -1 
0 1 3 0 -1 1 -1 0 1 2 3 
4.78218 0 1 0 -1 8 -1 0 3 6 -1 
0 1 0 9 10 11 -1 0 -1 1 -1 
-40.877 1 0 0 12 24 -1 11 -1 23 -1 
0 1 0 5 6 7 -1 4 -1 5 -1 
-0.0858879 0 0 5 6 7 -1 3 -1 5 -1 
5.00968 0 4 6 15 24 -1 15 18 21 -1 
0 1 1 17 -1 18 -1 21 22 23 -1 
0 1 1 6 -1 7 -1 13 14 15 -1 
0 1 0 19 20 21 -1 0 -1 1 -1 

30
5.42726
0.978955 0.652846 0.527295 0.5085 0.537475 0.526605 0.480703 0.4544 0.447573 0.439501 0.432857 0.401201 0.381295 0.437167 0.451007 0.415874 0.404682 0.403524 0.443753 0.387407 0.38309 0.374013 0.350499 0.358188 0.372747 0.345893 0.343427 0.356972 0.374978 0.342629 
26.8723 0 3 11 -1 19 -1 5 9 13 17 
-2.1655 1 0 20 22 24 -1 11 -1 23 -1 
0 1 1 19 -1 20 -1 16 19 22 -1 
7.9766 0 3 22 -1 24 -1 0 5 10 15 
-4.64252 1 3 17 -1 23 -1 3 8 13 18 
0.0969186 1 2 19 20 21 22 0 -1 1 -1 
-8.50197 1 2 0 2 4 6 12 -1 21 -1 
0 1 0 10 11 12 -1 0 -1 1 -1 
-0.207822 0 2 4 7 10 13 0 -1 1 -1 
-1.23863 1 2 10 12 14 16 11 -1 13 -1 
-4.83608 1 0 7 10 13 -1 10 -1 16 -1 
0 1 2 10 11 12 13 0 -1 1 -1 
0 1 0 4 5 6 -1 0 -1 1 -1 
0.13418 1 2 3 6 9 12 0 -1 1 -1 
-16.299 1 4 6 14 22 -1 3 10 17 -1 
0 1 1 17 -1 18 -1 17 18 19 -1 
0 0 1 4 -1 5 -1 0 1 2 -1 
-21.6656 1 3 10 -1 19 -1 1 8 15 22 
-0.0756844 0 3 5 -1 9 -1 10 13 16 19 
0 1 4 20 21 22 -1 0 1 2 -1 
-13.2657 1 3 11 -1 23 -1 1 4 7 10 
0.0478612 1 4 4 13 22 -1 0 3 6 -1 
1.52027 0 2 17 19 21 23 3 -1 15 -1 
0 1 1 18 -1 19 -1 15 16 17 -1 
0 1 2 17 19 21 23 5 -1 6 -1 
0 0 1 13 -1 14 -1 3 4 5 -1 
7.23377 0 4 9 12 15 -1 10 16 22 -1 
0 1 4 12 13 14 -1 12 13 14 -1 
0.22747 1 3 19 -1 21 -1 18 20 22 24 
-2.31818 1 2 0 1 2 3 13 -1 20 -1 

30
5.47419
0.929901 0.631178 0.529505 0.511609 0.475816 0.575772 0.48052 0.411494 0.475448 0.39168 0.435108 0.375146 0.441566 0.436175 0.394687 0.363799 0.37651 0.403718 0.385745 0.360767 0.397094 0.342085 0.358663 0.338454 0.343373 0.342838 0.367754 0.338009 0.363999 0.375719 
84.2755 0 3 13 -1 22 -1 0 7 14 21 
0.0410299 1 1 14 -1 17 -1 17 18 19 -1 
3.27633 0 1 1 -1 23 -1 0 1 2 -1 
0 1 0 15 16 17 -1 0 -1 1 -1 
0.122336 1 2 14 16 18 20 0 -1 1 -1 
4.3569 0 4 13 15 17 -1 9 12 15 -1 
0 1 0 18 21 24 -1 0 -1 1 -1 
-3.39268 1 0 12 14 16 -1 16 -1 23 -1 
0.217402 1 3 17 -1 19 -1 16 18 20 22 
19.7568 0 2 5 9 13 17 10 -1 16 -1 
0 1 0 16 17 18 -1 18 -1 20 -1 
-0.198875 1 1 13 -1 14 -1 13 14 15 -1 
-0.0903742 0 0 20 21 22 -1 0 -1 1 -1 
-20.6179 1 3 9 -1 16 -1 3 10 17 24 
0 0 4 18 19 20 -1 0 1 2 -1 
0 1 2 15 16 17 18 0 -1 1 -1 
-0.198452 0 0 16 18 20 -1 0 -1 1 -1 
-10.6556 1 3 18 -1 23 -1 0 5 10 15 
0 1 1 22 -1 23 -1 21 22 23 -1 
4.13628 0 1 21 -1 24 -1 6 10 14 -1 
0.0534718 1 1 22 -1 23 -1 1 2 3 -1 
19.5976 0 2 8 12 16 20 11 -1 23 -1 
0 0 1 16 -1 18 -1 0 1 2 -1 
-0.614131 1 0 17 18 19 -1 8 -1 15 -1 
0 1 2 2 3 4 5 20 -1 21 -1 
0 1 0 10 11 12 -1 4 -1 5 -1 
-0.0533484 0 0 10 12 14 -1 5 -1 6 -1 
-0.709411 1 2 9 10 11 12 11 -1 13 -1 
0 1 0 7 8 9 -1 4 -1 5 -1 
14.8152 1 4 3 10 17 -1 1 10 19 -1 

50
8.53213
0.806823 0.662401 0.503621 0.502543 0.461791 0.473765 0.484905 0.421239 0.439233 0.444649 0.432369 0.445418 0.434497 0.410551 0.393367 0.39686 0.383901 0.417318 0.378227 0.378941 0.377078 0.397331 0.331644 0.378848 0.328319 0.339847 0.38149 0.336123 0.359478 0.337205 0.342392 0.344942 0.398478 0.336033 0.322121 0.320026 0.323219 0.368257 0.356725 0.333588 0.413449 0.322019 0.321375 0.344745 0.3302 0.330419 0.350718 0.374255 0.339931 0.366787 
55.6885 0 3 14 -1 24 -1 4 8 12 16 
-0.138604 1 0 12 16 20 -1 0 -1 1 -1 
0.0223815 1 1 17 -1 19 -1 16 17 18 -1 
-22.6702 1 0 4 8 12 -1 5 -1 16 -1 
-1.79677 1 3 11 -1 14 -1 14 16 18 20 
-0.318096 0 2 8 12 16 20 0 -1 1 -1 
-1.93097 1 0 22 23 24 -1 7 -1 21 -1 
0 1 0 5 6 7 -1 0 -1 1 -1 
-0.137591 0 2 2 4 6 8 0 -1 1 -1 
-1.61077 1 2 1 2 3 4 16 -1 23 -1 
-0.0779258 0 0 3 4 5 -1 0 -1 1 -1 
-6.92719 1 2 0 1 2 3 7 -1 21 -1 
-0.772269 0 3 1 -1 4 -1 11 14 17 20 
-1.63618 1 2 10 11 12 13 0 -1 11 -1 
0 1 1 7 -1 8 -1 21 22 23 -1 
0 0 1 16 -1 17 -1 3 4 5 -1 
-0.414648 1 0 13 14 15 -1 11 -1 13 -1 
-0.0577063 0 1 17 -1 18 -1 21 22 23 -1 
0 0 0 11 12 13 -1 0 -1 1 -1 
-2.01948 1 3 21 -1 24 -1 5 9 13 17 
15.3291 0 4 8 16 24 -1 9 14 19 -1 
0.142599 1 3 18 -1 20 -1 20 21 22 23 
2.05642 0 3 4 -1 20 -1 15 16 17 18 
0.0389953 1 0 17 19 21 -1 18 -1 20 -1 
-1.4573 1 0 14 15 16 -1 0 -1 21 -1 
0.352773 0 0 12 15 18 -1 9 -1 10 -1 
-3.36696 0 0 8 16 24 -1 0 -1 1 -1 
-9.63608 1 3 9 -1 17 -1 3 8 13 18 
-0.0458092 0 0 3 4 5 -1 4 -1 5 -1 
-1.60173 1 3 4 -1 15 -1 15 16 17 18 
0.0231382 1 1 21 -1 22 -1 15 16 17 -1 
5.26796 0 2 4 5 6 7 12 -1 21 -1 
-0.0817095 0 0 4 5 6 -1 0 -1 1 -1 
1.86447 0 4 16 18 20 -1 0 5 10 -1 
0 1 1 16 -1 18 -1 20 21 22 -1 
0 0 2 4 5 6 7 4 -1 5 -1 
0 0 4 11 12 13 -1 1 2 3 -1 
10.8949 0 2 2 5 8 11 7 -1 11 -1 
0 1 0 16 17 18 -1 3 -1 5 -1 
0 1 0 0 1 2 -1 5 -1 6 -1 
-0.0687538 0 0 0 1 2 -1 2 -1 6 -1 
-0.0164588 0 1 1 -1 22 -1 17 20 23 -1 
0 1 4 4 5 6 -1 4 5 6 -1 
-0.0672066 0 4 13 15 17 -1 20 21 22 -1 
0.470571 0 4 11 13 15 -1 9 10 11 -1 
0 1 0 21 22 23 -1 4 -1 5 -1 
0 1 1 3 -1 4 -1 4 5 6 -1 
0 0 1 1 -1 2 -1 4 5 6 -1 
0 1 4 18 19 20 -1 0 1 2 -1 
-0.129202 0 2 11 13 15 17 0 -1 1 -1 

50
7.9361
0.790939 0.607038 0.49827 0.485539 0.500234 0.49106 0.391982 0.39123 0.400061 0.400773 0.380992 0.390873 0.344927 0.35927 0.410804 0.379018 0.345221 0.356392 0.349864 0.35441 0.409159 0.381644 0.36154 0.358022 0.316585 0.335001 0.376026 0.347402 0.367323 0.320273 0.304947 0.329846 0.31398 0.342134 0.356747 0.327397 0.308944 0.310455 0.337132 0.331291 0.356094 0.309817 0.304104 0.333058 0.335798 0.290857 0.325804 0.356546 0.296184 0.284772 
35.353 0 1 14 -1 24 -1 8 13 18 -1 
0 1 0 19 21 23 -1 0 -1 1 -1 
-8.33557 1 2 11 13 15 17 1 -1 18 -1 
-0.0912614 0 2 18 19 20 21 0 -1 1 -1 
-16.076 1 2 0 2 4 6 7 -1 21 -1 
-4.55752 1 1 3 -1 15 -1 4 11 18 -1 
-6.39498 1 0 15 19 23 -1 16 -1 23 -1 
-51.795 1 0 0 10 20 -1 2 -1 16 -1 
-1.08042 1 4 15 17 19 -1 9 12 15 -1 
-0.0240984 0 1 17 -1 18 -1 1 2 3 -1 
-0.521431 1 0 12 13 14 -1 11 -1 13 -1 
0.0415172 1 1 18 -1 19 -1 13 14 15 -1 
-0.289113 0 2 12 15 18 21 18 -1 20 -1 
-7.25549 1 1 23 -1 24 -1 0 5 10 -1 
-0.0881438 0 4 17 18 19 -1 21 22 23 -1 
0.994142 0 1 3 -1 10 -1 0 1 2 -1 
0 1 0 4 6 8 -1 0 -1 1 -1 
0.105842 1 2 0 5 10 15 16 -1 23 -1 
-0.963623 1 1 18 -1 21 -1 10 12 14 -1 
-0.0762977 0 0 5 6 7 -1 0 -1 1 -1 
9.2195 0 2 2 3 4 5 7 -1 21 -1 
-0.238739 0 0 1 3 5 -1 0 -1 1 -1 
2.64616 0 4 14 17 20 -1 10 12 14 -1 
-0.0419202 0 1 18 -1 19 -1 5 6 7 -1 
-4.3296 1 3 14 -1 22 -1 2 4 6 8 
-9.53432 1 3 9 -1 16 -1 3 10 17 24 
0.627003 1 0 0 2 4 -1 3 -1 5 -1 
4.6233 0 2 5 6 7 8 12 -1 21 -1 
-0.0625048 0 4 16 17 18 -1 16 17 18 -1 
-1.11763 1 3 10 -1 12 -1 14 16 18 20 
0 0 1 0 -1 3 -1 1 2 3 -1 
-13.5787 1 3 1 -1 22 -1 15 18 21 24 
-0.933359 0 1 12 -1 15 -1 17 20 23 -1 
-1.5626 1 2 10 11 12 13 10 -1 16 -1 
-0.339637 1 1 16 -1 24 -1 18 20 22 -1 
3.19226 0 2 8 10 12 14 0 -1 11 -1 
13.6354 1 4 4 11 18 -1 1 10 19 -1 
12.7774 0 2 5 7 9 11 0 -1 21 -1 
0.0572567 1 0 2 3 4 -1 0 -1 1 -1 
1.0351 0 4 13 14 15 -1 13 14 15 -1 
7.21883 1 3 0 -1 3 -1 0 7 14 21 
-1.93383 1 0 10 11 12 -1 8 -1 15 -1 
-8.71449 0 1 0 -1 4 -1 7 14 21 -1 
-0.9208 1 2 10 12 14 16 11 -1 13 -1 
-0.537351 1 1 8 -1 11 -1 13 16 19 -1 
0 1 0 11 12 13 -1 0 -1 1 -1 
0 0 2 10 11 12 13 0 -1 1 -1 
0 0 0 10 11 12 -1 0 -1 1 -1 
-0.0125105 1 0 16 17 18 -1 11 -1 13 -1 
0 1 0 9 11 13 -1 0 -1 1 -1 

50
8.3166
0.781159 0.607576 0.491699 0.456669 0.479484 0.401091 0.440064 0.461741 0.446656 0.448084 0.395523 0.378814 0.381104 0.388889 0.404753 0.340548 0.344474 0.369409 0.407091 0.386914 0.359621 0.384403 0.348886 0.328875 0.34267 0.343096 0.329031 0.325909 0.363829 0.331413 0.325131 0.398324 0.329817 0.330171 0.307661 0.319992 0.340195 0.35257 0.303396 0.314555 0.346927 0.365183 0.316565 0.340649 0.343436 0.304934 0.328955 0.31944 0.302725 0.304102 
-3.03507 1 1 23 -1 24 -1 0 5 10 -1 
-0.311167 1 0 14 19 24 -1 0 -1 1 -1 
20.0702 0 2 5 9 13 17 5 -1 16 -1 
146.586 0 3 10 -1 24 -1 1 8 15 22 
-0.0396912 1 1 20 -1 22 -1 15 18 21 -1 
4.87497 0 1 1 -1 18 -1 0 1 2 -1 
0 1 2 2 7 12 17 0 -1 1 -1 
0 1 0 2 4 6 -1 0 -1 1 -1 
0.0207833 1 2 1 4 7 10 0 -1 1 -1 
14.5566 0 2 10 13 16 19 2 -1 16 -1 
-3.30036 0 1 13 -1 14 -1 0 5 10 -1 
-5.26054 1 2 1 3 5 7 12 -1 21 -1 
-0.959959 0 2 0 6 12 18 0 -1 1 -1 
-1.91922 1 3 23 -1 24 -1 1 6 11 16 
-0.200215 0 2 13 16 19 22 0 -1 1 -1 
-0.834456 1 2 12 13 14 15 7 -1 11 -1 
0.0924718 1 4 2 3 4 -1 10 14 18 -1 
0 0 4 2 3 4 -1 12 13 14 -1 
6.46346 0 0 0 1 2 -1 12 -1 21 -1 
-41.78 0 1 7 -1 13 -1 1 12 23 -1 
6.31526 0 2 2 3 4 5 12 -1 21 -1 
0.0619489 1 3 15 -1 16 -1 15 16 17 18 
0 0 4 20 21 22 -1 0 1 2 -1 
-6.03557 1 3 1 -1 14 -1 18 20 22 24 
-0.19767 0 3 14 -1 16 -1 18 20 22 24 
-1.77141 1 1 9 -1 12 -1 8 11 14 -1 
0 0 0 1 2 3 -1 9 -1 10 -1 
-2.50545 1 2 10 11 12 13 9 -1 20 -1 
0.283754 1 3 18 -1 22 -1 17 19 21 23 
-3.90385 1 3 11 -1 13 -1 5 11 17 23 
0 1 1 13 -1 14 -1 3 4 5 -1 
-0.0903742 0 1 12 -1 15 -1 3 4 5 -1 
1.66429 0 2 10 11 12 13 0 -1 21 -1 
0 0 4 5 6 7 -1 5 6 7 -1 
0 0 0 4 5 6 -1 9 -1 10 -1 
0 0 2 4 5 6 7 5 -1 6 -1 
2.4931 0 2 0 1 2 3 14 -1 20 -1 
0.200343 1 3 16 -1 21 -1 13 14 15 16 
0 0 1 2 -1 3 -1 7 8 9 -1 
-0.386642 1 4 14 15 16 -1 13 14 15 -1 
0 1 1 5 -1 6 -1 8 9 10 -1 
0 1 0 8 9 10 -1 3 -1 5 -1 
-2.20395 0 1 14 -1 19 -1 17 20 23 -1 
0 0 0 9 10 11 -1 0 -1 1 -1 
0 1 2 8 9 10 11 0 -1 1 -1 
0 0 0 0 1 2 -1 5 -1 6 -1 
0 1 0 0 1 2 -1 2 -1 6 -1 
0 0 0 3 4 5 -1 4 -1 15 -1 
-0.203238 1 2 12 16 20 24 9 -1 10 -1 
0 0 0 0 1 2 -1 0 -1 1 -1 

100
16.6686
0.747594 0.581973 0.491448 0.48218 0.515094 0.396771 0.424654 0.378225 0.456692 0.368411 0.420886 0.359196 0.370494 0.408757 0.374403 0.337021 0.331874 0.35325 0.353865 0.347134 0.343185 0.30051 0.320438 0.329244 0.33807 0.32349 0.35413 0.351267 0.354322 0.361717 0.321778 0.360852 0.354757 0.3389 0.323354 0.375238 0.338378 0.331981 0.316902 0.365586 0.347155 0.355848 0.384379 0.393087 0.428932 0.321767 0.359345 0.424517 0.39636 0.334042 0.383277 0.331916 0.360562 0.370748 0.404086 0.381066 0.337224 0.359345 0.350593 0.346213 0.331873 0.328352 0.398379 0.338046 0.385441 0.332109 0.313148 0.358921 0.31749 0.307001 0.318483 0.306177 0.330898 0.353899 0.309783 0.310005 0.315646 0.328388 0.332515 0.328909 0.339363 0.313784 0.334692 0.340726 0.318749 0.316828 0.347049 0.320318 0.332748 0.359509 0.390664 0.366469 0.382319 0.399109 0.387769 0.356318 0.365862 0.369871 0.379118 0.365353 
83.0324 0 3 10 -1 19 -1 1 8 15 22 
0 1 0 21 22 23 -1 0 -1 1 -1 
-6.90408 1 2 11 14 17 20 2 -1 16 -1 
0 1 0 0 1 2 -1 0 -1 1 -1 
0 1 0 11 13 15 -1 0 -1 1 -1 
-7.62742 1 2 0 2 4 6 12 -1 21 -1 
0 0 1 0 -1 1 -1 0 1 2 -1 
16.2383 0 2 11 14 17 20 1 -1 18 -1 
0 1 0 15 18 21 -1 20 -1 21 -1 
-1.8988 1 2 0 1 2 3 13 -1 20 -1 
-0.296771 0 3 16 -1 19 -1 18 20 22 24 
1.2972 0 1 23 -1 24 -1 11 14 17 -1 
0.079766 1 2 21 22 23 24 0 -1 1 -1 
-5.56105 1 3 20 -1 23 -1 3 8 13 18 
3.78628 0 3 10 -1 20 -1 6 8 10 12 
0 0 0 1 2 3 -1 5 -1 6 -1 
-0.982431 1 2 15 18 21 24 20 -1 21 -1 
0.0720194 1 0 1 2 3 -1 0 -1 1 -1 
0.715853 0 4 13 14 15 -1 13 14 15 -1 
0.0340248 1 1 19 -1 20 -1 14 16 18 -1 
0 0 2 1 2 3 4 4 -1 5 -1 
-0.85476 1 2 7 8 9 10 13 -1 20 -1 
0 1 0 5 7 9 -1 4 -1 5 -1 
0 0 0 3 7 11 -1 3 -1 5 -1 
0 1 0 8 9 10 -1 5 -1 6 -1 
0.102329 1 2 0 2 4 6 0 -1 1 -1 
28.4626 0 3 18 -1 22 -1 6 12 18 24 
-97.1546 0 1 4 -1 20 -1 1 10 19 -1 
-3.05094 1 1 2 -1 13 -1 21 22 23 -1 
-2.35897 1 1 8 -1 20 -1 0 11 22 -1 
0 0 1 2 -1 3 -1 1 2 3 -1 
-39.5784 1 1 19 -1 24 -1 0 5 10 -1 
0.078491 1 3 19 -1 20 -1 20 21 22 23 
-0.0249545 0 1 0 -1 19 -1 1 8 15 -1 
-3.46439 0 1 6 -1 7 -1 9 16 23 -1 
7.4378 0 3 2 -1 12 -1 18 20 22 24 
-7.79541 0 0 0 12 24 -1 0 -1 1 -1 
-0.6514 1 0 12 13 14 -1 11 -1 13 -1 
0 1 1 10 -1 11 -1 20 21 22 -1 
0 1 4 10 11 12 -1 20 21 22 -1 
0 1 0 5 9 13 -1 0 -1 1 -1 
0 1 1 4 -1 5 -1 0 1 2 -1 
0 1 2 4 10 16 22 0 -1 1 -1 
0 0 2 13 14 15 16 0 -1 1 -1 
0 0 0 13 14 15 -1 0 -1 1 -1 
0 1 0 5 6 7 -1 5 -1 6 -1 
0 0 0 3 4 5 -1 3 -1 5 -1 
0 1 0 2 4 6 -1 4 -1 5 -1 
-0.0174998 0 0 1 4 7 -1 1 -1 18 -1 
0 1 4 3 4 5 -1 4 5 6 -1 
-0.0252247 0 4 2 4 6 -1 4 5 6 -1 
0 1 4 5 6 7 -1 5 6 7 -1 
0 1 3 4 -1 5 -1 0 1 2 3 
0 1 4 5 11 17 -1 3 4 5 -1 
0 0 3 5 -1 6 -1 4 6 8 10 
0 0 1 6 -1 7 -1 5 6 7 -1 
0 1 1 8 -1 9 -1 4 5 6 -1 
0.224088 1 4 2 3 4 -1 0 9 18 -1 
-0.868204 1 4 19 20 21 -1 3 8 13 -1 
0 0 1 13 -1 14 -1 4 5 6 -1 
0 1 3 13 -1 14 -1 3 4 5 6 
0 1 2 11 13 15 17 0 -1 1 -1 
0 0 0 15 16 17 -1 0 -1 1 -1 
0 1 0 20 21 22 -1 0 -1 1 -1 
-0.118657 0 0 19 21 23 -1 0 -1 1 -1 
0 0 3 3 -1 5 -1 0 1 2 3 
-1.33192 1 0 7 8 9 -1 14 -1 20 -1 
-0.17946 0 4 14 15 16 -1 17 20 23 -1 
0.506573 0 0 14 16 18 -1 7 -1 11 -1 
0 1 1 5 -1 7 -1 1 6 11 -1 
0 0 1 0 -1 2 -1 2 6 10 -1 
0 0 4 3 4 5 -1 5 6 7 -1 
-1.34993 1 3 8 -1 10 -1 15 16 17 18 
0.0228529 1 1 19 -1 20 -1 20 21 22 -1 
0 0 3 2 -1 5 -1 3 4 5 6 
-0.0131292 1 1 23 -1 24 -1 13 14 15 -1 
8.65446 0 4 11 17 23 -1 9 14 19 -1 
0 1 2 18 19 20 21 4 -1 5 -1 
-0.118165 0 4 4 13 22 -1 1 2 3 -1 
0 0 1 8 -1 12 -1 1 2 3 -1 
-0.702514 1 2 11 12 13 14 12 -1 21 -1 
-1.3656 1 4 11 12 13 -1 2 12 22 -1 
-0.41896 0 3 16 -1 24 -1 1 2 3 4 
2.6321 0 2 12 16 20 24 6 -1 8 -1 
0 1 3 15 -1 16 -1 0 1 2 3 
0 1 2 0 1 2 3 0 -1 1 -1 
0.0924957 1 3 21 -1 24 -1 1 2 3 4 
0 1 4 5 7 9 -1 0 1 2 -1 
0 1 1 7 -1 8 -1 1 2 3 -1 
0 1 0 20 21 22 -1 5 -1 6 -1 
0 0 0 4 6 8 -1 5 -1 6 -1 
0 1 0 6 7 8 -1 4 -1 5 -1 
0 1 1 11 -1 12 -1 4 5 6 -1 
0 0 3 11 -1 12 -1 3 4 5 6 
0 0 1 11 -1 12 -1 3 4 5 -1 
0 1 1 13 -1 14 -1 3 4 5 -1 
0 0 0 3 4 5 -1 5 -1 6 -1 
0 1 0 1 3 5 -1 5 -1 6 -1 
0 0 0 2 3 4 -1 5 -1 6 -1 
-1.05531 1 2 10 11 12 13 11 -1 13 -1 

120
0.054926
0.00113074 -2.6605e-05 -0.000165074 -8.56268e-05 -0.00139779 -0.000297908 -0.000144834 -0.00120482 0.000819881 -0.000623732 -0.00153713 -0.000490633 -0.000785274 -0.000136879 0.000140791 0.00160909 3.88323e-05 -0.000636878 0.000700802 0.00074665 0.000387137 0.0018201 0.00157226 0.000814182 0.000380251 -0.00075402 0.00200047 -0.00112106 0.003561 0.000933928 -0.00101732 0.00148441 0.000152379 2.6347e-05 0.000826434 0.00134463 0.000250054 0.000273366 -0.000443618 -0.000642394 -4.61198e-05 0.000184809 0.001082 -0.00103692 0.00108427 0.000365207 0.00231363 0.00104076 0.000900517 -0.000871967 0.00206183 1.22352e-05 3.41461e-05 -0.000292219 0.00064348 0.000550205 0.0163058 -5.23355e-05 0.00109318 0.00177006 -0.000226786 -0.00070673 -0.000191914 -6.61251e-05 7.78768e-05 0.00100229 -0.000836036 0.00162767 -1.71886e-05 -0.000620313 0.0007899 0.000550782 0.0021206 0.000521931 0.00130512 -0.0018821 0.000477472 -0.000101232 0.000422223 -0.000161936 -0.000136814 0.0008844 0.00080156 0.0010067 0.00284171 0.000605887 0.000128236 0.000596841 -0.000157971 -0.000440832 -0.000137078 0.00146497 -0.000939385 -0.000868086 -0.000874984 -0.000785592 -9.49423e-05 0.00117267 0.00278186 0.00454965 -0.000612708 0.000450354 0.00106797 0.000769364 0.000112095 0.000498837 0.00281019 0.00122332 0.00034421 -0.000250571 5.62657e-05 0.00312264 -0.000285838 0.000405338 -0.00104822 0.000423517 0.0012115 0.00291469 0.00314745 7.24581e-05 
0.0215304 1 0 0 1 2 -1 0 -1 1 -1 
-0.207392 1 0 0 1 2 -1 0 -1 11 -1 
-0.822617 1 0 0 1 2 -1 0 -1 21 -1 
-0.0973205 1 0 0 1 2 -1 1 -1 8 -1 
-4.41765 1 1 4 -1 14 -1 5 6 7 -1 
4.88548 0 3 3 -1 12 -1 17 19 21 23 
-0.363084 1 0 0 7 14 -1 4 -1 5 -1 
-25.0721 1 0 9 15 21 -1 0 -1 11 -1 
-96.0787 1 1 0 -1 24 -1 1 8 15 -1 
-0.0918631 1 0 4 7 10 -1 0 -1 1 -1 
-4.52802 1 0 20 22 24 -1 16 -1 23 -1 
34.422 0 4 4 14 24 -1 6 12 18 -1 
83.486 0 3 10 -1 19 -1 1 8 15 22 
0.0406805 1 1 20 -1 21 -1 14 16 18 -1 
-7.79715 1 2 0 2 4 6 0 -1 21 -1 
-1.05827 1 0 15 18 21 -1 16 -1 23 -1 
-0.8038 1 3 15 -1 16 -1 12 13 14 15 
-0.87201 1 0 11 17 23 -1 5 -1 6 -1 
0.0436591 1 0 4 5 6 -1 0 -1 1 -1 
8.10473 0 2 1 2 3 4 9 -1 20 -1 
1.66156 1 4 1 8 15 -1 9 10 11 -1 
3.58582 0 0 14 15 16 -1 12 -1 21 -1 
0.244399 1 3 19 -1 21 -1 14 16 18 20 
4.67991 0 0 3 4 5 -1 2 -1 16 -1 
-4.00611 1 2 4 5 6 7 12 -1 21 -1 
-0.709413 1 0 12 18 24 -1 4 -1 5 -1 
1.05075 1 0 22 23 24 -1 0 -1 11 -1 
0.541312 0 0 8 9 10 -1 9 -1 10 -1 
-0.0952974 0 2 19 20 21 22 0 -1 1 -1 
-0.315328 1 0 0 9 18 -1 0 -1 1 -1 
3.78965 0 0 12 13 14 -1 11 -1 23 -1 
1.25413 0 1 9 -1 12 -1 21 22 23 -1 
0 1 1 19 -1 21 -1 18 20 22 -1 
1.00907 0 2 13 14 15 16 3 -1 15 -1 
0.101684 1 2 16 17 18 19 0 -1 1 -1 
-1.12355 1 0 14 18 22 -1 2 -1 6 -1 
8.40507 0 3 22 -1 23 -1 0 7 14 21 
-1.16419 0 1 2 -1 9 -1 9 10 11 -1 
-6.64163 1 3 0 -1 15 -1 3 4 5 6 
-5.26958 0 1 10 -1 16 -1 9 12 15 -1 
5.53952 0 2 1 2 3 4 10 -1 16 -1 
-16.0908 1 0 0 8 16 -1 5 -1 16 -1 
6.31374 0 1 3 -1 12 -1 0 3 6 -1 
-12.6131 0 0 10 15 20 -1 15 -1 21 -1 
-5.54251 0 1 7 -1 17 -1 10 12 14 -1 
-94.7455 0 0 0 10 20 -1 9 -1 20 -1 
-87.8867 0 0 0 11 22 -1 11 -1 23 -1 
18.4393 1 0 1 12 23 -1 10 -1 16 -1 
-3.34424 1 0 3 4 5 -1 3 -1 15 -1 
-34.7496 1 0 0 10 20 -1 1 -1 18 -1 
-6.54449 1 0 3 7 11 -1 6 -1 8 -1 
1.59676 0 0 0 1 2 -1 11 -1 13 -1 
-18.7005 0 0 6 13 20 -1 16 -1 23 -1 
-58.1645 0 0 0 12 24 -1 16 -1 23 -1 
-51.2088 0 0 2 8 14 -1 12 -1 21 -1 
15.4248 1 0 2 12 22 -1 10 -1 16 -1 
-36.4751 0 0 3 8 13 -1 16 -1 23 -1 
-3.73994 1 2 3 5 7 9 18 -1 20 -1 
-31.316 0 0 4 8 12 -1 16 -1 23 -1 
-43.512 0 0 5 9 13 -1 11 -1 23 -1 
0 1 0 6 8 10 -1 0 -1 1 -1 
35.3279 0 2 4 9 14 19 15 -1 21 -1 
-2.51534 1 0 2 3 4 -1 0 -1 11 -1 
-3.93191 0 3 4 -1 6 -1 18 20 22 24 
1.99681 1 0 1 6 11 -1 5 -1 6 -1 
-41.1073 0 0 1 8 15 -1 13 -1 20 -1 
-37.4117 0 0 2 8 14 -1 13 -1 20 -1 
19.0435 1 0 7 13 19 -1 8 -1 15 -1 
1.22503 0 2 2 3 4 5 18 -1 20 -1 
-34.5334 0 0 5 9 13 -1 12 -1 21 -1 
-3.76146 1 1 8 -1 13 -1 16 17 18 -1 
6.12362 0 2 0 3 6 9 1 -1 8 -1 
1.76581 1 4 0 10 20 -1 3 4 5 -1 
19.275 1 0 8 12 16 -1 4 -1 15 -1 
4.07301 1 0 0 7 14 -1 6 -1 8 -1 
21.0977 1 0 8 12 16 -1 5 -1 16 -1 
-2.88824 1 1 1 -1 16 -1 19 20 21 -1 
-11.7154 0 0 0 12 24 -1 20 -1 21 -1 
-33.5285 0 0 1 11 21 -1 13 -1 20 -1 
11.9852 1 0 8 13 18 -1 8 -1 15 -1 
-13.801 0 0 9 11 13 -1 7 -1 21 -1 
-15.1581 0 0 9 15 21 -1 15 -1 21 -1 
-0.0746759 1 0 12 15 18 -1 0 -1 1 -1 
0.751519 0 0 0 1 2 -1 20 -1 21 -1 
-62.5041 0 0 5 10 15 -1 7 -1 21 -1 
-38.6655 1 0 12 18 24 -1 3 -1 15 -1 
-15.5408 0 0 10 17 24 -1 13 -1 20 -1 
23.2513 0 2 3 7 11 15 6 -1 18 -1 
1.04807 1 1 0 -1 1 -1 6 14 22 -1 
3.75361 1 0 0 7 14 -1 1 -1 8 -1 
-9.00393 0 0 1 12 23 -1 20 -1 21 -1 
7.29282 0 0 7 9 11 -1 14 -1 20 -1 
-11.1698 1 0 1 8 15 -1 8 -1 15 -1 
-0.790434 1 0 1 2 3 -1 6 -1 8 -1 
2.46681 0 0 2 3 4 -1 10 -1 16 -1 
-8.1596 0 0 12 15 18 -1 12 -1 21 -1 
-25.2992 0 0 5 9 13 -1 16 -1 23 -1 
5.6767 1 0 8 12 16 -1 7 -1 11 -1 
-3.70851 0 0 13 14 15 -1 8 -1 15 -1 
-3.60854 0 0 14 15 16 -1 8 -1 15 -1 
-4.75686 0 0 14 16 18 -1 13 -1 20 -1 
-0.163926 1 0 16 20 24 -1 0 -1 1 -1 
0.969082 0 0 2 3 4 -1 7 -1 11 -1 
0.0339334 1 0 0 8 16 -1 2 -1 6 -1 
-57.1913 0 0 3 10 17 -1 9 -1 20 -1 
6.72331 1 0 9 13 17 -1 7 -1 11 -1 
18.621 1 0 10 14 18 -1 2 -1 16 -1 
-25.0318 0 0 10 16 22 -1 16 -1 23 -1 
2.24275 0 1 1 -1 20 -1 17 18 19 -1 
-57.2332 0 1 4 -1 22 -1 3 12 21 -1 
-22.5195 0 0 9 15 21 -1 16 -1 23 -1 
-30.2437 0 0 10 15 20 -1 11 -1 23 -1 
2.71309 1 1 2 -1 8 -1 7 8 9 -1 
-2.14889 1 0 10 11 12 -1 9 -1 20 -1 
-28.6308 0 0 2 8 14 -1 14 -1 20 -1 
11.6705 1 0 3 7 11 -1 1 -1 8 -1 
10.8865 1 0 9 13 17 -1 8 -1 15 -1 
27.2299 1 1 2 -1 14 -1 10 14 18 -1 
-3.05269 0 1 4 -1 6 -1 18 20 22 -1 
-0.529886 1 0 11 12 13 -1 11 -1 13 -1 

140
0.0419017
0.000855235 -0.000545052 0.000329651 -0.000649522 -0.00092575 0.00178378 -6.77135e-05 -0.000290993 0.00109428 0.000719683 0.00051156 -0.00123378 0.000188795 0.001218 -0.00113326 1.75941e-05 -1.66791e-05 -0.0011619 0.00024178 8.74257e-05 -0.00106457 0.000408555 -8.9015e-07 0.000882473 0.000520271 0.00125692 -0.000537194 -0.000288028 -0.000355229 -0.000239773 -0.000811264 0.000830933 0.000802248 -0.000114778 -0.000276561 0.00128404 -0.000618072 0.0010852 -8.28601e-05 0.00107726 -0.000508675 0.000304291 0.00067964 0.000636201 0.00102023 0.00126628 0.00318603 0.000203376 0.000436098 0.000771745 0.00156657 0.000789466 0.000756679 0.000643161 0.000701349 -0.000259883 -0.000453401 0.000891982 0.000152583 0.000216254 -0.000130869 0.000355371 0.000500809 -0.000751676 0.000567796 0.00133454 -0.000195614 -0.000850335 0.000947297 -0.000456219 0.00166486 0.000424229 -0.000557667 0.00452555 0.00272946 0.000495448 0.000386724 -0.000789585 -0.000255962 0.000961437 0.000299179 0.00125421 -0.000467226 0.00279365 0.00175548 -0.00136504 0.00154225 0.000906464 0.00494437 0.000533674 0.000516732 0.00267076 -0.000839078 -0.000532143 -0.00049718 0.000172175 0.000311523 -0.000305065 7.2399e-05 0.00156007 -0.00191869 -0.000594721 -0.000642619 0.000213642 -0.00109907 0.000607869 0.00275554 0.000917271 0.000578607 0.00117001 -0.000104848 0.000386907 -0.00123945 0.000410682 0.00027802 0.000755962 -0.00102602 0.00103061 -0.00176617 -0.00021298 -0.00149911 0.000598849 -0.00101311 -0.000338576 0.000908708 0.000682822 0.000120832 3.91805e-05 5.52011e-05 -0.000133926 0.00327298 0.000170112 0.000157656 0.000407065 0.00101423 0.000413671 0.00151556 -0.000531753 -0.000365972 0.00333506 
0.0456302 1 0 0 1 2 -1 0 -1 1 -1 
-0.207255 1 0 0 1 2 -1 0 -1 11 -1 
-1.16887 1 0 0 1 2 -1 0 -1 21 -1 
-0.181539 1 0 0 1 2 -1 1 -1 8 -1 
-1.18043 1 0 0 1 2 -1 1 -1 18 -1 
0.523286 1 0 0 1 2 -1 2 -1 6 -1 
-1.43378 1 0 0 1 2 -1 2 -1 16 -1 
0.104759 1 0 0 1 2 -1 3 -1 5 -1 
-1.76158 1 0 0 1 2 -1 3 -1 15 -1 
0.0489855 1 0 0 1 2 -1 4 -1 5 -1 
35.2734 0 2 3 8 13 18 16 -1 23 -1 
-12.8163 1 0 6 11 16 -1 5 -1 16 -1 
-3.47532 1 1 0 -1 8 -1 11 12 13 -1 
0.0241106 1 0 3 4 5 -1 0 -1 1 -1 
7.01609 1 2 18 20 22 24 4 -1 15 -1 
7.62057 0 2 7 8 9 10 0 -1 21 -1 
-10.0445 1 1 0 -1 9 -1 1 8 15 -1 
16.0541 0 2 2 7 12 17 6 -1 8 -1 
-4.77018 1 2 12 13 14 15 16 -1 23 -1 
1.25654 0 1 16 -1 17 -1 8 13 18 -1 
24.5349 0 4 12 17 22 -1 4 13 22 -1 
-22.2929 1 0 13 17 21 -1 4 -1 15 -1 
-0.387017 0 2 6 12 18 24 11 -1 13 -1 
-0.733175 1 3 8 -1 15 -1 0 1 2 3 
-2.02242 1 2 0 1 2 3 11 -1 13 -1 
-0.142917 0 4 6 7 8 -1 19 20 21 -1 
-4.70397 1 1 1 -1 17 -1 5 6 7 -1 
-0.209579 1 0 3 7 11 -1 0 -1 1 -1 
-7.13021 1 0 1 4 7 -1 15 -1 21 -1 
18.1493 0 3 10 -1 12 -1 3 10 17 24 
-4.43448 1 0 20 22 24 -1 16 -1 23 -1 
0.122352 1 2 5 9 13 17 0 -1 1 -1 
4.01504 0 3 4 -1 12 -1 17 19 21 23 
2.23796 0 0 0 1 2 -1 10 -1 16 -1 
3.55089 0 3 11 -1 22 -1 6 8 10 12 
-38.6655 1 0 12 18 24 -1 3 -1 15 -1 
0.327045 1 1 13 -1 22 -1 1 2 3 -1 
-3.59006 1 0 12 15 18 -1 16 -1 23 -1 
2.68267 0 3 16 -1 20 -1 11 12 13 14 
-0.887198 1 0 0 8 16 -1 0 -1 1 -1 
-16.0652 1 0 0 12 24 -1 9 -1 10 -1 
0.00859616 1 0 16 17 18 -1 0 -1 1 -1 
0 1 1 19 -1 21 -1 18 20 22 -1 
-2.22445 1 2 0 1 2 3 9 -1 20 -1 
-0.45668 1 1 16 -1 17 -1 0 5 10 -1 
-7.95465 1 0 7 9 11 -1 3 -1 15 -1 
-0.373894 0 3 15 -1 18 -1 17 19 21 23 
0.332347 1 1 1 -1 5 -1 11 12 13 -1 
-1.09646 1 0 13 14 15 -1 15 -1 21 -1 
-0.0877431 1 0 18 21 24 -1 0 -1 1 -1 
0.0219922 1 0 17 18 19 -1 0 -1 1 -1 
-6.83096 1 2 4 5 6 7 11 -1 23 -1 
0.0447944 1 1 23 -1 24 -1 15 16 17 -1 
-0.515998 1 2 6 7 8 9 1 -1 8 -1 
-2.63729 1 0 2 3 4 -1 0 -1 11 -1 
1.43846 1 1 13 -1 18 -1 9 10 11 -1 
2.64717 0 1 18 -1 22 -1 11 12 13 -1 
16.3809 0 0 0 3 6 -1 11 -1 23 -1 
0.0411933 1 1 17 -1 19 -1 16 17 18 -1 
3.08809 0 0 9 10 11 -1 16 -1 23 -1 
-5.11229 0 2 3 9 15 21 9 -1 10 -1 
-5.19852 0 0 17 19 21 -1 10 -1 16 -1 
1.079 0 3 7 -1 9 -1 13 14 15 16 
-18.6165 0 4 6 12 18 -1 0 9 18 -1 
28.5155 1 0 0 9 18 -1 14 -1 20 -1 
9.27942 0 2 0 4 8 12 20 -1 21 -1 
-0.226511 1 0 1 9 17 -1 3 -1 5 -1 
21.9635 1 0 0 9 18 -1 13 -1 20 -1 
-1.095 1 0 14 16 18 -1 11 -1 13 -1 
-1.17413 1 0 0 11 22 -1 5 -1 6 -1 
-5.54209 0 0 0 8 16 -1 5 -1 6 -1 
1.01954 0 2 12 14 16 18 2 -1 6 -1 
0 1 0 18 20 22 -1 0 -1 1 -1 
43.3134 1 0 0 10 20 -1 16 -1 23 -1 
14.3144 1 0 1 11 21 -1 18 -1 20 -1 
7.52244 1 0 4 14 24 -1 20 -1 21 -1 
28.0632 1 0 6 12 18 -1 0 -1 21 -1 
0.703786 0 0 4 11 18 -1 20 -1 21 -1 
-11.8191 1 0 3 11 19 -1 7 -1 21 -1 
-4.25386 1 1 5 -1 19 -1 19 20 21 -1 
9.15614 1 0 0 12 24 -1 20 -1 21 -1 
3.50145 0 4 4 14 24 -1 16 17 18 -1 
33.1311 1 0 0 9 18 -1 15 -1 21 -1 
41.1274 1 0 2 13 24 -1 16 -1 23 -1 
14.2847 1 0 7 12 17 -1 10 -1 16 -1 
7.70753 1 0 9 13 17 -1 7 -1 11 -1 
-22.5195 0 0 9 15 21 -1 16 -1 23 -1 
15.0357 0 0 7 10 13 -1 16 -1 23 -1 
15.6444 1 0 0 9 18 -1 18 -1 20 -1 
15.0992 1 0 0 11 22 -1 18 -1 20 -1 
-45.3471 0 0 9 16 23 -1 11 -1 23 -1 
2.30063 1 0 11 13 15 -1 5 -1 6 -1 
12.3563 0 0 0 2 4 -1 9 -1 20 -1 
8.3019 0 2 2 8 14 20 20 -1 21 -1 
36.8403 1 0 0 11 22 -1 12 -1 21 -1 
7.54709 1 0 8 12 16 -1 8 -1 15 -1 
3.66399 1 0 11 14 17 -1 7 -1 11 -1 
-10.071 1 2 9 12 15 18 16 -1 23 -1 
-6.64673 1 3 0 -1 15 -1 3 4 5 6 
8.1286 1 0 0 10 20 -1 20 -1 21 -1 
-1.5305 1 0 0 11 22 -1 4 -1 5 -1 
1.23414 1 0 9 13 17 -1 9 -1 10 -1 
-1.07979 1 1 9 -1 13 -1 19 20 21 -1 
-4.94432 0 0 9 15 21 -1 20 -1 21 -1 
4.62207 0 0 5 10 15 -1 20 -1 21 -1 
23.1164 1 0 2 10 18 -1 13 -1 20 -1 
-11.1415 0 0 11 16 21 -1 11 -1 13 -1 
11.9642 0 2 3 7 11 15 6 -1 8 -1 
-1.50104 1 0 0 11 22 -1 0 -1 1 -1 
-27.5254 0 0 11 17 23 -1 9 -1 20 -1 
-0.231537 1 0 15 19 23 -1 0 -1 1 -1 
4.31289 0 2 1 2 3 4 5 -1 16 -1 
0.509927 0 0 11 12 13 -1 5 -1 6 -1 
-29.2147 0 0 11 17 23 -1 11 -1 23 -1 
4.99353 0 0 3 4 5 -1 5 -1 16 -1 
-5.36624 0 0 8 12 16 -1 6 -1 8 -1 
-0.283304 1 0 0 9 18 -1 4 -1 5 -1 
-0.0843298 0 0 11 12 13 -1 0 -1 1 -1 
-2.39173 1 0 1 2 3 -1 0 -1 11 -1 
3.67719 0 0 12 13 14 -1 11 -1 23 -1 
-2.78338 1 1 9 -1 13 -1 16 17 18 -1 
-8.25502 0 0 5 11 17 -1 18 -1 20 -1 
37.9254 1 0 0 11 22 -1 16 -1 23 -1 
-1.52067 1 0 5 6 7 -1 0 -1 11 -1 
-3.25551 1 0 0 11 22 -1 3 -1 5 -1 
8.52695 0 2 3 8 13 18 20 -1 21 -1 
8.62239 1 0 3 8 13 -1 1 -1 8 -1 
-15.0842 0 0 12 14 16 -1 1 -1 18 -1 
-13.4554 0 0 12 18 24 -1 11 -1 13 -1 
-4.89334 0 0 13 15 17 -1 12 -1 21 -1 
-2.64257 0 0 18 19 20 -1 8 -1 15 -1 
1.2069 0 0 6 7 8 -1 2 -1 16 -1 
2.88935 0 0 4 7 10 -1 1 -1 8 -1 
-14.3324 0 1 6 -1 13 -1 10 16 22 -1 
-0.693765 1 0 12 13 14 -1 1 -1 8 -1 
1.79986 0 4 13 14 15 -1 11 14 17 -1 
-1.12355 1 0 14 18 22 -1 2 -1 6 -1 
5.20672 0 1 3 -1 9 -1 17 20 23 -1 
0.99785 1 0 5 12 19 -1 7 -1 21 -1 
32.5115 1 0 0 10 20 -1 13 -1 20 -1 

160
0.0543856
6.09473e-05 0.000445069 0.00213162 -6.4531e-05 0.000498612 0.00109151 -0.00241189 0.00221746 -0.000580446 0.000430612 -0.000335432 -0.000118557 -0.00268457 0.000714351 0.000845216 0.00145827 -0.00320589 2.22989e-05 0.00138931 -0.000385672 0.000893892 0.00280436 0.000211355 -1.93268e-05 0.000406696 0.000846766 0.00117205 0.000161828 -0.00190079 -1.42505e-05 0.0011486 -0.00024979 0.00169193 0.00267062 0.000661483 0.00134407 -0.000438126 0.000820824 0.000375004 0.000290364 0.00225096 0.00044409 -0.00250911 0.000954336 -0.000619838 0.0104968 0.0185287 0.0107694 0.00631953 0.0029836 0.00214022 -0.00338422 -0.000293388 0.00121188 -0.00119755 0.000128818 0.00176112 0.00132039 -7.78506e-05 0.00120592 -4.90147e-06 0.000291377 0.00324902 -0.000811533 -9.51086e-05 -0.00229873 0.00151634 0.00663472 7.64593e-05 0.00439552 0.00119501 -5.52188e-05 0.000180918 -0.00323357 0.00576549 0.00611044 -0.00154391 0.0049359 0.00224868 -0.000741956 -0.000614493 -2.13333e-05 -0.000176883 -0.000489223 -0.00108851 4.9016e-05 0.000376767 0.000254325 0.000308494 0.000688518 0.00105576 -0.000197453 0.000932296 0.000480552 -0.00148482 0.00155391 -0.000308995 0.00106185 -0.000325054 -0.00132768 0.00148555 -0.000545156 -0.00173209 -0.0038708 -0.00318794 0.000612056 0.00325613 -0.00120727 -0.000628938 0.000202313 0.00117505 -0.00226863 -0.00490623 -0.000967801 -0.000119666 0.00180225 -0.00307538 0.0031298 -0.00240435 0.000351518 -0.00306271 -0.000144577 1.55043e-05 0.00212556 -0.00135337 0.00143286 0.00093538 0.00172526 0.000683428 -8.33823e-05 0.00168764 -0.000231755 -0.000944203 0.000276217 -0.00165713 -0.000198457 -0.000307619 0.000644863 0.000370846 0.00162121 -0.00183649 0.000837435 -0.000246158 -0.000180372 -0.00105203 0.00580964 -0.00497383 0.00114117 0.00173983 0.000324061 -0.00291041 -0.0035145 -0.000838716 0.000273552 -0.00134459 0.00153484 0.00154889 0.0023996 0.00167253 -0.00146508 
-0.0137229 1 0 0 1 2 -1 0 -1 1 -1 
-0.238968 1 0 0 1 2 -1 0 -1 11 -1 
64.7451 0 4 1 12 23 -1 4 13 22 -1 
-43.0315 1 1 0 -1 14 -1 0 9 18 -1 
-4.43331 1 0 20 22 24 -1 16 -1 23 -1 
-1.16323 1 0 13 17 21 -1 9 -1 10 -1 
5.35275 0 3 23 -1 24 -1 4 8 12 16 
-2.66001 1 0 9 11 13 -1 8 -1 15 -1 
0.113625 1 3 19 -1 22 -1 17 19 21 23 
-0.804476 1 2 0 1 2 3 7 -1 11 -1 
0.24561 1 1 17 -1 23 -1 1 2 3 -1 
-1.38867 1 2 1 2 3 4 0 -1 11 -1 
-0.209992 1 0 2 6 10 -1 0 -1 1 -1 
-0.687834 1 3 1 -1 7 -1 3 4 5 6 
-4.41496 1 3 22 -1 23 -1 6 12 18 24 
-0.257358 1 2 17 18 19 20 6 -1 8 -1 
-30.9297 1 0 5 13 21 -1 0 -1 11 -1 
-6.0952 1 2 10 14 18 22 18 -1 20 -1 
-12.0475 1 1 0 -1 14 -1 4 9 14 -1 
-5.54251 0 1 7 -1 17 -1 10 12 14 -1 
-7.64985 1 0 11 17 23 -1 11 -1 13 -1 
-20.6588 0 3 8 -1 14 -1 1 6 11 16 
-2.4925 1 0 2 13 24 -1 5 -1 6 -1 
7.08984 0 3 1 -1 11 -1 16 18 20 22 
-1.54549 0 1 18 -1 21 -1 13 16 19 -1 
-48.5565 0 0 10 17 24 -1 11 -1 23 -1 
-9.35247 0 0 15 17 19 -1 11 -1 23 -1 
-1.56497 1 0 6 8 10 -1 18 -1 20 -1 
-4.40429 1 1 0 -1 9 -1 2 8 14 -1 
-10.7574 1 2 0 2 4 6 7 -1 21 -1 
-50.045 0 1 7 -1 23 -1 1 12 23 -1 
-4.2144 1 1 4 -1 13 -1 16 17 18 -1 
-4.81835 1 1 4 -1 10 -1 4 11 18 -1 
-2.72004 1 0 14 16 18 -1 14 -1 20 -1 
7.03348 0 1 4 -1 23 -1 7 14 21 -1 
-9.30538 0 0 14 17 20 -1 11 -1 23 -1 
0 1 1 18 -1 19 -1 13 14 15 -1 
0.642456 0 1 1 -1 5 -1 21 22 23 -1 
-5.63289 1 1 8 -1 12 -1 2 12 22 -1 
0.270128 1 1 15 -1 23 -1 1 2 3 -1 
-0.40516 1 2 4 5 6 7 1 -1 8 -1 
-4.04053 0 2 17 19 21 23 2 -1 6 -1 
-25.9923 0 3 8 -1 18 -1 3 6 9 12 
-87.8867 0 0 0 11 22 -1 11 -1 23 -1 
-0.166344 1 0 16 20 24 -1 0 -1 1 -1 
-22.3572 0 0 18 21 24 -1 6 -1 18 -1 
-100.35 0 1 0 -1 21 -1 4 11 18 -1 
-79.3928 0 1 3 -1 23 -1 5 10 15 -1 
-35.9811 0 1 5 -1 12 -1 8 15 22 -1 
-36.3646 0 1 5 -1 14 -1 7 14 21 -1 
-67.8343 0 1 5 -1 24 -1 5 10 15 -1 
-54.5114 0 1 6 -1 24 -1 6 10 14 -1 
-42.6971 0 1 9 -1 20 -1 4 11 18 -1 
0.608676 0 3 7 -1 12 -1 1 2 3 4 
-38.2697 0 0 10 16 22 -1 9 -1 20 -1 
-4.14358 1 0 8 16 24 -1 20 -1 21 -1 
5.54109 0 1 14 -1 19 -1 8 13 18 -1 
1.6303 0 0 11 13 15 -1 1 -1 8 -1 
-0.712061 1 0 12 18 24 -1 4 -1 5 -1 
0.383161 0 3 5 -1 10 -1 3 4 5 6 
17.8987 1 1 0 -1 18 -1 8 11 14 -1 
-2.92479 1 0 12 18 24 -1 2 -1 6 -1 
-53.8214 0 1 0 -1 22 -1 6 10 14 -1 
-4.46986 1 1 2 -1 17 -1 5 8 11 -1 
3.76446 0 0 2 3 4 -1 7 -1 21 -1 
-32.8071 0 4 1 10 19 -1 1 10 19 -1 
-86.3135 0 1 0 -1 24 -1 5 10 15 -1 
-76.7769 0 1 3 -1 20 -1 4 11 18 -1 
0.176195 0 1 7 -1 8 -1 17 18 19 -1 
7.52554 1 1 2 -1 5 -1 9 16 23 -1 
0.617291 1 2 9 12 15 18 0 -1 1 -1 
-2.13966 1 4 0 9 18 -1 16 17 18 -1 
-49.0593 0 0 9 16 23 -1 9 -1 20 -1 
-35.424 0 1 3 -1 24 -1 7 10 13 -1 
-70.4899 0 1 4 -1 20 -1 4 11 18 -1 
-58.1425 0 1 8 -1 23 -1 5 10 15 -1 
-4.86497 0 1 9 -1 16 -1 10 12 14 -1 
-71.0494 0 1 10 -1 21 -1 2 10 18 -1 
-9.03291 0 1 11 -1 14 -1 7 12 17 -1 
-44.7976 0 1 11 -1 24 -1 6 10 14 -1 
3.84868 1 1 12 -1 15 -1 1 4 7 -1 
9.76305 0 1 2 -1 23 -1 0 3 6 -1 
-19.1859 0 0 16 20 24 -1 8 -1 15 -1 
-0.0131232 1 0 20 21 22 -1 0 -1 1 -1 
-7.26802 1 2 9 14 19 24 6 -1 8 -1 
-2.64089 1 1 2 -1 9 -1 1 8 15 -1 
0.938789 0 4 14 15 16 -1 7 10 13 -1 
-5.13017 1 0 3 10 17 -1 11 -1 13 -1 
0.709305 0 3 3 -1 14 -1 3 4 5 6 
-65.9426 0 0 8 16 24 -1 9 -1 20 -1 
-21.6721 0 0 10 17 24 -1 15 -1 21 -1 
-15.7972 0 0 11 17 23 -1 15 -1 21 -1 
-1.70688 1 0 14 19 24 -1 2 -1 6 -1 
-11.9718 0 0 17 20 23 -1 8 -1 15 -1 
-26.3869 0 1 6 -1 13 -1 6 14 22 -1 
-6.32135 1 2 6 11 16 21 7 -1 21 -1 
-1.90554 1 1 1 -1 11 -1 5 10 15 -1 
-5.07339 1 0 1 9 17 -1 11 -1 13 -1 
0.298342 0 2 13 16 19 22 4 -1 5 -1 
-11.4662 0 0 15 18 21 -1 11 -1 23 -1 
0.96368 0 0 14 15 16 -1 18 -1 20 -1 
-4.83528 0 0 18 21 24 -1 11 -1 13 -1 
-16.3771 0 1 8 -1 11 -1 8 15 22 -1 
-44.89 0 1 8 -1 20 -1 4 11 18 -1 
-57.8205 0 1 9 -1 23 -1 5 10 15 -1 
-12.2805 0 1 10 -1 18 -1 8 11 14 -1 
-2.28151 0 1 11 -1 14 -1 10 12 14 -1 
0.515692 1 1 12 -1 23 -1 1 2 3 -1 
-3.47681 1 0 14 16 18 -1 7 -1 21 -1 
-4.64469 0 0 13 16 19 -1 12 -1 21 -1 
0.29785 0 0 2 3 4 -1 9 -1 10 -1 
-12.3146 0 0 19 21 23 -1 1 -1 18 -1 
-37.8515 0 1 12 -1 22 -1 6 10 14 -1 
4.59574 1 1 14 -1 17 -1 0 3 6 -1 
0.189486 1 1 14 -1 17 -1 1 2 3 -1 
0.306443 1 1 14 -1 22 -1 1 2 3 -1 
0.172927 1 1 15 -1 18 -1 1 2 3 -1 
-31.9138 1 2 3 10 17 24 14 -1 20 -1 
-14.6196 1 1 1 -1 19 -1 1 6 11 -1 
-1.85347 1 2 5 7 9 11 3 -1 5 -1 
-78.7641 0 0 1 12 23 -1 11 -1 23 -1 
0.12168 1 2 10 12 14 16 0 -1 1 -1 
0.793502 0 1 12 -1 15 -1 3 4 5 -1 
12.9976 1 1 0 -1 17 -1 10 12 14 -1 
-35.3269 0 1 4 -1 15 -1 6 14 22 -1 
-3.92375 1 4 10 17 24 -1 4 7 10 -1 
0.489924 0 2 13 14 15 16 1 -1 8 -1 
-37.0876 1 1 1 -1 24 -1 1 6 11 -1 
0.680245 0 0 4 5 6 -1 18 -1 20 -1 
-67.7315 0 0 0 10 20 -1 11 -1 23 -1 
-2.64615 1 0 2 10 18 -1 6 -1 8 -1 
2.16595 0 0 0 10 20 -1 20 -1 21 -1 
-0.132003 1 0 13 16 19 -1 4 -1 5 -1 
-2.1164 1 1 0 -1 15 -1 5 6 7 -1 
-0.495923 0 0 18 19 20 -1 15 -1 21 -1 
-4.3963 1 0 0 6 12 -1 20 -1 21 -1 
-7.48402 1 0 5 11 17 -1 7 -1 11 -1 
-30.1873 0 0 11 17 23 -1 11 -1 23 -1 
-0.678076 1 3 5 -1 15 -1 10 11 12 13 
6.81757 0 3 8 -1 18 -1 10 13 16 19 
-48.1758 0 0 3 10 17 -1 11 -1 23 -1 
-41.3646 0 0 10 17 24 -1 9 -1 20 -1 
-0.164127 1 0 16 19 22 -1 4 -1 5 -1 
-11.3594 0 0 18 21 24 -1 8 -1 15 -1 
-2.42896 0 0 19 21 23 -1 11 -1 13 -1 
-126.06 0 1 0 -1 21 -1 0 11 22 -1 
-27.4477 0 1 1 -1 20 -1 8 11 14 -1 
-1.05735 1 1 2 -1 18 -1 11 12 13 -1 
-6.43769 1 1 0 -1 17 -1 5 8 11 -1 
-99.859 0 1 0 -1 23 -1 2 12 22 -1 
-40.864 0 1 7 -1 16 -1 5 12 19 -1 
-62.0119 0 1 7 -1 24 -1 5 10 15 -1 
-14.4522 0 1 10 -1 14 -1 6 12 18 -1 
-0.767471 1 0 12 14 16 -1 18 -1 20 -1 
-8.34598 0 0 17 20 23 -1 10 -1 16 -1 
-3.88343 1 1 3 -1 7 -1 1 12 23 -1 
1.03754 0 1 11 -1 22 -1 3 4 5 -1 
-3.31359 1 1 0 -1 9 -1 4 9 14 -1 
0.0613355 1 1 17 -1 18 -1 1 2 3 -1 
-31.1965 1 0 13 18 23 -1 1 -1 18 -1 

180
0.0521807
-0.000303333 -0.000226348 -0.000757496 0.000859713 0.00165303 -0.000572028 0.000510141 -0.000624171 0.000366829 0.000363369 0.00122659 0.000409039 0.000400664 0.000151421 0.00175428 6.46241e-05 0.000451559 -0.000653407 -0.000740868 0.000983394 0.000816198 0.00240093 -0.00122902 -8.23688e-06 -0.00106259 0.000625783 0.0078124 0.00108439 -0.000608162 0.00124069 0.00102886 0.00116647 7.27903e-05 0.00324713 0.000287433 0.00572011 0.00218772 0.000626409 0.00175884 -0.000414826 0.00071385 0.00236517 4.41912e-05 -0.00118192 0.000167536 0.00165725 0.000147199 0.000630919 0.00141705 -0.00156222 0.000714969 0.000240214 -0.000402173 0.00145846 0.00184059 0.000250147 0.00066711 0.00153212 7.45308e-05 -3.25745e-05 -0.00140111 0.00215345 -0.000986169 -0.000708369 0.00171781 0.000316318 -0.000340927 0.00356018 0.000301667 -0.000671163 0.000471105 0.000569925 0.00108205 -0.000805989 0.00131824 8.26512e-05 -1.91843e-05 0.00217989 0.00352566 -0.00151675 -0.00194676 0.00127742 -2.33134e-05 0.000372474 0.000918413 7.47784e-05 0.000804082 0.000174051 0.0040744 -0.00381026 0.00358165 -0.00338769 0.00386777 -0.00266068 0.00029838 0.000508325 0.0136244 -0.000582503 9.97589e-05 -0.00150625 4.70271e-05 8.94149e-05 -0.000100049 0.000333457 0.00060992 0.000817486 -0.000505002 -0.000355559 0.00112657 -0.000169771 -0.00165935 -0.00225151 -0.000157296 -0.00187612 -0.000486095 -0.00211267 -0.000591114 -0.000243579 0.00216623 0.00299813 -0.00413387 0.000398274 0.0024499 0.00310366 0.00108887 0.00189282 0.0171843 -7.93321e-05 -0.000263164 -0.0012155 0.0020063 -0.000451849 -0.000629465 -0.00116466 0.000264626 0.000242273 -4.7113e-05 0.00182856 0.000217771 -0.000586704 -0.00117401 -0.00136478 0.00043522 0.0013468 0.000940467 -0.000724194 -0.000311111 -0.0127227 -0.00052278 -8.62801e-05 1.76303e-05 0.000387667 0.00114246 0.000302795 -0.000222996 -0.00176912 0.00150532 1.27193e-05 0.000253442 -0.000212328 0.000702007 -6.77215e-05 -0.0019523 -0.00215203 0.00115994 -0.00189102 -0.000704345 0.00104043 0.00082017 0.000568285 -0.000629558 0.000299301 0.000229931 -0.000777414 0.00177809 -0.000530506 0.000674034 -0.00039963 0.000578068 0.000189316 
-0.0137229 1 0 0 1 2 -1 0 -1 1 -1 
-0.207344 1 0 0 1 2 -1 0 -1 11 -1 
-4.41959 1 1 4 -1 14 -1 5 6 7 -1 
-13.4791 1 1 1 -1 10 -1 4 13 22 -1 
45.4707 0 1 11 -1 22 -1 9 16 23 -1 
-12.3256 1 1 0 -1 6 -1 0 11 22 -1 
-4.43331 1 0 20 22 24 -1 16 -1 23 -1 
19.6949 0 4 6 12 18 -1 7 14 21 -1 
-4.64535 1 2 11 14 17 20 7 -1 11 -1 
-0.123156 1 0 18 20 22 -1 18 -1 20 -1 
-1.53683 1 0 14 19 24 -1 2 -1 6 -1 
-0.82818 1 3 15 -1 16 -1 12 13 14 15 
-76.0451 1 1 1 -1 24 -1 0 7 14 -1 
-2.38685 1 2 2 3 4 5 10 -1 16 -1 
0.137284 1 1 18 -1 22 -1 1 2 3 -1 
5.60447 0 3 5 -1 12 -1 18 20 22 24 
-0.597737 1 0 11 17 23 -1 0 -1 1 -1 
-0.816515 1 0 9 16 23 -1 4 -1 5 -1 
-2.85137 1 0 6 8 10 -1 18 -1 20 -1 
-4.64921 1 2 14 15 16 17 15 -1 21 -1 
5.78973e-05 1 0 15 16 17 -1 3 -1 5 -1 
8.67587 1 2 8 12 16 20 9 -1 10 -1 
-30.1873 0 0 11 17 23 -1 11 -1 23 -1 
0.493211 0 1 0 -1 5 -1 3 4 5 -1 
-55.9773 0 0 3 10 17 -1 9 -1 20 -1 
-4.23625 1 1 3 -1 13 -1 16 17 18 -1 
4.0186 1 0 18 21 24 -1 11 -1 13 -1 
-2.7299 1 4 10 15 20 -1 5 6 7 -1 
-11.2413 0 0 12 15 18 -1 11 -1 23 -1 
-8.52708 0 0 16 19 22 -1 10 -1 16 -1 
14.7908 0 2 0 7 14 21 18 -1 20 -1 
-1.82471 1 2 7 8 9 10 2 -1 6 -1 
3.41507 1 0 5 13 21 -1 6 -1 18 -1 
-0.113262 0 2 18 19 20 21 0 -1 1 -1 
0.541312 0 0 8 9 10 -1 9 -1 10 -1 
-42.9392 0 3 8 -1 18 -1 0 5 10 15 
30.8373 0 2 2 6 10 14 6 -1 18 -1 
-22.1707 0 0 12 18 24 -1 12 -1 21 -1 
-2.76891 1 1 0 -1 13 -1 4 13 22 -1 
-2.03146 1 3 17 -1 21 -1 12 13 14 15 
4.80154 1 4 20 22 24 -1 0 7 14 -1 
15.0139 1 0 11 15 19 -1 8 -1 15 -1 
-24.906 0 0 10 16 22 -1 16 -1 23 -1 
-7.12339 1 2 11 13 15 17 16 -1 23 -1 
-3.43629 0 1 10 -1 20 -1 17 20 23 -1 
-2.11215 1 1 7 -1 18 -1 21 22 23 -1 
-12.1383 0 0 11 16 21 -1 15 -1 21 -1 
-10.1454 0 0 12 16 20 -1 15 -1 21 -1 
-10.4992 0 0 13 17 21 -1 15 -1 21 -1 
-2.13927 0 0 17 18 19 -1 10 -1 16 -1 
7.37469 0 2 13 15 17 19 0 -1 21 -1 
-0.139127 1 0 17 20 23 -1 0 -1 1 -1 
0 1 0 15 16 17 -1 6 -1 8 -1 
-0.795568 1 0 17 18 19 -1 2 -1 16 -1 
0.104983 1 2 4 6 8 10 0 -1 1 -1 
-0.120719 1 0 15 18 21 -1 0 -1 1 -1 
4.85258 0 4 13 16 19 -1 10 12 14 -1 
-0.0132808 1 1 3 -1 4 -1 6 8 10 -1 
-0.229001 1 2 21 22 23 24 13 -1 20 -1 
-0.121886 1 0 16 19 22 -1 5 -1 6 -1 
-62.8997 0 0 4 10 16 -1 7 -1 21 -1 
-10.2774 1 4 6 15 24 -1 0 7 14 -1 
-0.988659 1 0 20 22 24 -1 14 -1 20 -1 
70.1507 0 3 8 -1 24 -1 4 8 12 16 
5.3944 1 1 8 -1 16 -1 10 12 14 -1 
-1.94141 1 1 0 -1 9 -1 6 12 18 -1 
-34.9951 1 0 0 10 20 -1 1 -1 18 -1 
-65.0249 0 0 6 11 16 -1 0 -1 21 -1 
-45.3471 0 0 9 16 23 -1 11 -1 23 -1 
-33.1884 0 0 10 16 22 -1 11 -1 23 -1 
-13.8296 0 0 10 16 22 -1 15 -1 21 -1 
1.47777 0 0 11 12 13 -1 1 -1 8 -1 
-120.438 0 0 0 10 20 -1 7 -1 21 -1 
-0.812763 1 0 4 12 20 -1 5 -1 6 -1 
-3.50954 1 0 4 8 12 -1 20 -1 21 -1 
2.01201 0 2 1 2 3 4 11 -1 13 -1 
-6.539 0 0 9 16 23 -1 20 -1 21 -1 
-9.34709 0 0 11 15 19 -1 15 -1 21 -1 
-6.17213 0 0 12 16 20 -1 14 -1 20 -1 
-4.89334 0 0 13 15 17 -1 12 -1 21 -1 
-5.19852 0 0 17 19 21 -1 10 -1 16 -1 
1.9371 0 2 9 10 11 12 0 -1 11 -1 
1.25172 0 3 8 -1 16 -1 1 2 3 4 
-37.6481 0 0 2 9 16 -1 12 -1 21 -1 
-7.7839 0 0 13 15 17 -1 11 -1 23 -1 
1.60263 1 0 20 21 22 -1 10 -1 16 -1 
0.173999 1 0 22 23 24 -1 4 -1 5 -1 
-1.09711 1 0 13 14 15 -1 15 -1 21 -1 
18.9554 1 1 0 -1 15 -1 1 4 7 -1 
47.6489 1 1 0 -1 23 -1 0 3 6 -1 
97.647 1 1 0 -1 23 -1 4 13 22 -1 
19.8412 1 1 1 -1 17 -1 1 4 7 -1 
18.9876 1 1 2 -1 15 -1 1 4 7 -1 
13.9393 1 1 3 -1 14 -1 1 4 7 -1 
36.1601 1 1 7 -1 23 -1 0 3 6 -1 
26.2839 1 1 8 -1 13 -1 7 14 21 -1 
33.1199 1 1 8 -1 22 -1 0 3 6 -1 
0.929493 1 1 8 -1 22 -1 1 2 3 -1 
1.99294 0 0 3 4 5 -1 10 -1 16 -1 
-4.75515 1 3 4 -1 14 -1 3 4 5 6 
-27.4256 0 0 0 9 18 -1 13 -1 20 -1 
-22.0114 1 0 1 7 13 -1 15 -1 21 -1 
-6.17173 0 0 0 9 18 -1 18 -1 20 -1 
-3.5879 1 0 12 15 18 -1 16 -1 23 -1 
-2.43563 1 2 3 4 5 6 11 -1 23 -1 
-56.636 0 0 1 10 19 -1 11 -1 23 -1 
-52.071 0 0 8 16 24 -1 11 -1 23 -1 
-3.08157 0 0 11 15 19 -1 18 -1 20 -1 
0 0 1 16 -1 18 -1 0 1 2 -1 
-2.34852 1 1 0 -1 18 -1 21 22 23 -1 
-48.5565 0 0 10 17 24 -1 11 -1 23 -1 
-15.7972 0 0 11 17 23 -1 15 -1 21 -1 
-11.7069 0 0 13 16 19 -1 11 -1 23 -1 
-8.29324 0 0 17 20 23 -1 10 -1 16 -1 
-16.071 0 1 6 -1 23 -1 16 19 22 -1 
-27.082 1 0 13 18 23 -1 5 -1 16 -1 
-14.0144 0 0 0 7 14 -1 6 -1 8 -1 
-25.7726 0 0 11 17 23 -1 9 -1 20 -1 
-4.3105 0 0 18 20 22 -1 10 -1 16 -1 
42.0741 1 1 2 -1 23 -1 8 11 14 -1 
30.8978 1 1 9 -1 22 -1 0 3 6 -1 
15.7314 0 2 2 7 12 17 6 -1 8 -1 
-0.671652 0 1 13 -1 14 -1 17 20 23 -1 
4.55736 0 1 0 -1 10 -1 2 4 6 -1 
-66.4597 0 0 0 8 16 -1 11 -1 23 -1 
-25.1674 0 0 10 17 24 -1 12 -1 21 -1 
40.9148 1 1 3 -1 22 -1 8 11 14 -1 
17.7223 1 1 5 -1 23 -1 0 3 6 -1 
4.19952 1 1 11 -1 14 -1 10 12 14 -1 
-22.1225 1 0 0 6 12 -1 16 -1 23 -1 
9.58597 1 0 8 12 16 -1 8 -1 15 -1 
-5.18826 0 2 8 13 18 23 9 -1 10 -1 
3.87498 0 1 9 -1 17 -1 0 3 6 -1 
-6.34452 0 0 14 16 18 -1 12 -1 21 -1 
-3.25199 0 0 19 20 21 -1 0 -1 21 -1 
-9.19061 0 1 11 -1 22 -1 17 20 23 -1 
-0.604239 1 2 1 2 3 4 3 -1 5 -1 
-86.7424 0 0 0 12 24 -1 11 -1 23 -1 
-5.3445 0 0 12 17 22 -1 18 -1 20 -1 
-0.551912 1 0 12 18 24 -1 0 -1 1 -1 
-5.53429 1 0 1 7 13 -1 20 -1 21 -1 
-28.2087 0 0 1 8 15 -1 14 -1 20 -1 
-0.0295625 1 0 17 19 21 -1 0 -1 1 -1 
1.53523 0 0 11 12 13 -1 5 -1 16 -1 
-7.23373 0 0 11 17 23 -1 18 -1 20 -1 
-6.57416 0 0 13 16 19 -1 12 -1 21 -1 
-0.0294141 1 0 16 18 20 -1 0 -1 1 -1 
40.9382 1 1 4 -1 22 -1 8 11 14 -1 
8.30412 1 2 5 10 15 20 9 -1 10 -1 
-1.46658 0 2 9 11 13 15 4 -1 5 -1 
0.371376 0 0 0 1 2 -1 11 -1 13 -1 
-2.0249 1 2 7 9 11 13 1 -1 8 -1 
-12.0984 0 0 1 8 15 -1 6 -1 8 -1 
-3.71051 0 0 19 21 23 -1 10 -1 16 -1 
-4.63876 1 1 0 -1 19 -1 16 17 18 -1 
-4.96292 0 0 13 16 19 -1 13 -1 20 -1 
-1.94909 1 0 13 15 17 -1 15 -1 21 -1 
-2.0515 0 0 11 15 19 -1 20 -1 21 -1 
-4.45207 0 0 14 16 18 -1 14 -1 20 -1 
-0.357655 1 0 14 19 24 -1 0 -1 1 -1 
-0.908072 1 0 19 20 21 -1 7 -1 11 -1 
-13.7994 0 0 11 16 21 -1 16 -1 23 -1 
-0.39091 1 0 14 19 24 -1 5 -1 6 -1 
57.4066 1 1 1 -1 20 -1 4 13 22 -1 
4.00215 1 1 7 -1 10 -1 1 4 7 -1 
2.25022 0 1 19 -1 22 -1 11 12 13 -1 
-4.74055 0 0 0 9 18 -1 20 -1 21 -1 
1.52526 0 0 10 12 14 -1 7 -1 11 -1 
1.29006 0 2 11 12 13 14 0 -1 11 -1 
-21.9098 0 0 1 7 13 -1 1 -1 8 -1 
-2.62022 0 0 11 16 21 -1 20 -1 21 -1 
1.84944 1 0 19 21 23 -1 11 -1 13 -1 
-4.41396 1 0 3 6 9 -1 7 -1 11 -1 
-6.86274 1 0 6 12 18 -1 7 -1 11 -1 
3.25035 0 0 6 7 8 -1 7 -1 21 -1 
-2.60915 1 1 2 -1 10 -1 5 6 7 -1 
-52.9855 0 0 8 16 24 -1 9 -1 20 -1 
28.001 1 1 0 -1 17 -1 7 12 17 -1 
-0.0393951 0 0 9 13 17 -1 4 -1 15 -1 
-0.786061 0 0 3 7 11 -1 5 -1 6 -1 

200
0.0535858
-0.000197645 -0.000785599 -0.000157201 0.000732426 0.000545694 0.000299029 -0.000357835 0.000517231 -9.22746e-06 0.00104358 8.02039e-05 -6.93748e-05 -0.000402805 -0.00224142 0.00090834 0.00077466 -0.00032359 -0.000333463 0.00103574 0.000908928 -0.000391728 0.000203161 0.00093489 -0.000252186 1.84897e-05 -0.0014541 -0.00113494 0.00185339 -0.000367067 0.000498867 -0.00084072 -0.000607475 0.000260193 -9.24007e-05 0.00227681 0.000453356 -0.000685279 -0.000878099 0.000219751 0.00340843 0.0027977 -0.0013988 0.000405941 -0.00360668 0.000529361 0.000960354 9.01478e-05 -0.0010492 0.000356783 -9.62633e-05 -0.00028603 0.000627657 0.000451177 0.00105131 0.00225672 4.80231e-05 0.00112725 0.00101499 0.000365594 -0.000745481 -7.68445e-05 -0.00105227 -0.000522968 -0.00224442 -0.000586428 0.00231082 4.14872e-05 9.22946e-06 0.00168236 0.000621028 0.00118732 -0.000370403 0.00440704 -0.00142672 0.000276373 -0.00100524 0.00090107 0.000628669 -0.000887341 0.000717032 0.00195771 0.00163765 0.00790416 -0.000944997 -0.000158864 -0.0032137 0.000172621 0.000642546 0.00049395 -0.00119923 0.00015376 0.000744614 0.00137325 -0.000720302 -0.00149484 0.00052564 0.00196732 -0.000786954 0.000773691 -0.00266686 0.00126407 0.000314401 0.000800509 -0.000146705 0.00120262 0.000147477 -0.00072639 0.00199012 -7.02574e-05 0.00474958 -0.00179216 0.00326552 0.000329074 0.00092791 0.000186919 -0.000529001 -0.000522301 0.00146247 0.000908841 0.00135554 0.00177425 0.000503559 0.000662609 0.00113478 -0.0018064 0.000511724 0.000468672 0.00228056 0.00108996 -0.00114294 -0.00264217 0.00220154 0.000804376 -0.00157056 0.00031595 0.00212292 0.0013696 0.00102898 -0.000676606 0.00376777 0.00675221 0.000375878 0.00145731 0.000644575 0.000846868 0.000415812 -2.77311e-05 2.54076e-05 -0.000636504 -0.00128318 -0.000152206 0.00119084 5.15626e-05 -0.000130524 5.69641e-05 0.00151346 -2.23371e-05 0.000767586 0.0010019 -0.000767218 -0.000511771 -0.00151192 -0.00107226 -0.00154995 -0.000673114 -0.000123609 -0.000155815 -0.000105038 0.000968477 -0.0021249 0.000282221 -6.02391e-06 -0.00146632 0.00210709 -0.000562684 -0.00025818 -0.000975984 0.00112182 0.000202081 0.00507957 0.00029354 0.00192447 3.34645e-05 0.00392798 -4.87967e-05 0.000372862 0.00288651 0.000403962 0.000218118 -0.000396219 0.000873241 1.21962e-05 0.000529865 0.00225629 0.000530495 0.000551189 -3.78381e-05 0.000291417 0.0010744 0.000342609 
-0.0137229 1 0 0 1 2 -1 0 -1 1 -1 
3.00585 0 1 18 -1 22 -1 11 12 13 -1 
-22.9041 1 1 9 -1 13 -1 1 8 15 -1 
-42.273 1 0 9 16 23 -1 4 -1 15 -1 
-0.254258 1 0 20 22 24 -1 20 -1 21 -1 
-32.0688 1 1 0 -1 13 -1 9 14 19 -1 
-0.0884318 1 0 7 10 13 -1 0 -1 1 -1 
5.35275 0 3 23 -1 24 -1 4 8 12 16 
-4.53492 1 0 0 12 24 -1 3 -1 5 -1 
27.434 0 1 11 -1 21 -1 7 14 21 -1 
-3.7847 1 0 0 2 4 -1 5 -1 16 -1 
-0.0494697 1 0 13 15 17 -1 0 -1 1 -1 
-4.23725 1 1 3 -1 13 -1 16 17 18 -1 
-34.6233 1 0 6 14 22 -1 0 -1 11 -1 
0.592609 0 2 11 12 13 14 9 -1 10 -1 
-6.34996 0 0 12 16 20 -1 14 -1 20 -1 
-22.5968 0 0 12 18 24 -1 12 -1 21 -1 
0.450969 1 0 20 22 24 -1 6 -1 8 -1 
-1.18342 1 2 14 15 16 17 6 -1 8 -1 
-0.393599 1 0 13 18 23 -1 0 -1 1 -1 
8.3019 0 2 2 8 14 20 20 -1 21 -1 
0.0467892 1 1 22 -1 23 -1 1 2 3 -1 
-1.75441 1 1 16 -1 24 -1 13 16 19 -1 
-6.29125 1 1 3 -1 24 -1 6 8 10 -1 
7.97258 0 2 4 8 12 16 18 -1 20 -1 
-4.41959 1 1 4 -1 14 -1 5 6 7 -1 
-1.94141 1 1 0 -1 9 -1 6 12 18 -1 
-37.6437 1 0 7 12 17 -1 10 -1 16 -1 
0.541312 0 0 8 9 10 -1 9 -1 10 -1 
0.10083 1 2 1 3 5 7 0 -1 1 -1 
11.121 0 1 1 -1 20 -1 8 11 14 -1 
23.1362 1 1 6 -1 16 -1 6 12 18 -1 
-48.1758 0 0 3 10 17 -1 11 -1 23 -1 
-8.0364 0 0 12 15 18 -1 15 -1 21 -1 
-25.2346 0 0 10 16 22 -1 16 -1 23 -1 
-51.2566 0 2 8 13 18 23 3 -1 15 -1 
2.54333 0 2 1 2 3 4 11 -1 13 -1 
-9.69707 0 0 11 15 19 -1 15 -1 21 -1 
21.1072 1 0 8 12 16 -1 5 -1 16 -1 
-71.5052 0 0 8 16 24 -1 9 -1 20 -1 
-45.0231 0 0 10 17 24 -1 9 -1 20 -1 
-48.5565 0 0 10 17 24 -1 11 -1 23 -1 
-12.2576 0 0 11 16 21 -1 15 -1 21 -1 
-13.7379 0 0 11 17 23 -1 11 -1 13 -1 
0.795913 0 3 7 -1 12 -1 1 2 3 4 
-0.0808009 0 4 19 20 21 -1 16 17 18 -1 
-6.29155 0 2 8 11 14 17 3 -1 5 -1 
-67.7315 0 0 0 10 20 -1 11 -1 23 -1 
0.467373 0 4 11 12 13 -1 11 12 13 -1 
-2.75655 0 1 10 -1 17 -1 10 12 14 -1 
0.890327 0 2 18 19 20 21 7 -1 11 -1 
-2.39073 0 2 0 8 16 24 0 -1 1 -1 
-0.147661 1 1 0 -1 5 -1 4 5 6 -1 
-3.43629 0 1 10 -1 20 -1 17 20 23 -1 
23.8502 1 3 2 -1 14 -1 0 5 10 15 
-3.01903 1 1 9 -1 24 -1 17 20 23 -1 
-3.27614 1 1 0 -1 12 -1 5 8 11 -1 
-0.747989 1 0 12 18 24 -1 5 -1 6 -1 
31.2927 0 2 2 7 12 17 2 -1 16 -1 
4.01187 1 0 6 13 20 -1 6 -1 18 -1 
0.271979 0 1 6 -1 10 -1 7 8 9 -1 
-5.19852 0 0 17 19 21 -1 10 -1 16 -1 
8.60466 1 0 3 8 13 -1 1 -1 8 -1 
-66.4894 0 0 8 16 24 -1 11 -1 23 -1 
1.61688 1 0 10 13 16 -1 9 -1 10 -1 
-10.8644 0 0 12 17 22 -1 11 -1 13 -1 
-7.7839 0 0 13 15 17 -1 11 -1 23 -1 
3.49771 0 0 12 13 14 -1 0 -1 21 -1 
-0.154102 0 2 7 9 11 13 0 -1 1 -1 
-0.672935 1 0 16 17 18 -1 9 -1 20 -1 
-27.4694 1 0 1 9 17 -1 0 -1 11 -1 
-78.7641 0 0 1 12 23 -1 11 -1 23 -1 
37.468 1 0 8 13 18 -1 1 -1 18 -1 
-4.53071 0 0 13 15 17 -1 14 -1 20 -1 
-22.8373 0 0 14 18 22 -1 8 -1 15 -1 
-9.35247 0 0 15 17 19 -1 11 -1 23 -1 
1.7806 0 0 13 14 15 -1 13 -1 20 -1 
-16.071 0 1 6 -1 23 -1 16 19 22 -1 
10.9841 1 0 9 13 17 -1 8 -1 15 -1 
1.19094 0 2 13 14 15 16 13 -1 20 -1 
-0.0771338 1 0 9 12 15 -1 0 -1 1 -1 
-4.80259 1 1 1 -1 17 -1 5 6 7 -1 
3.43194 1 3 22 -1 24 -1 16 18 20 22 
11.9771 1 0 11 15 19 -1 1 -1 18 -1 
-8.1596 0 0 12 15 18 -1 12 -1 21 -1 
-6.34452 0 0 14 16 18 -1 12 -1 21 -1 
-1.95763 1 2 8 9 10 11 8 -1 15 -1 
-13.4554 0 0 12 18 24 -1 11 -1 13 -1 
-1.53428 1 0 14 19 24 -1 2 -1 6 -1 
-9.08811 1 0 5 8 11 -1 16 -1 23 -1 
-4.74055 0 0 0 9 18 -1 20 -1 21 -1 
-3.95485 1 0 6 13 20 -1 0 -1 21 -1 
-1.48797 1 0 13 14 15 -1 16 -1 23 -1 
-50.3746 1 0 0 10 20 -1 0 -1 21 -1 
-17.8346 0 0 15 18 21 -1 8 -1 15 -1 
-13.8005 0 0 15 19 23 -1 10 -1 16 -1 
6.96282 1 0 18 20 22 -1 6 -1 18 -1 
2.09402 0 0 11 12 13 -1 14 -1 20 -1 
16.6763 1 0 10 14 18 -1 5 -1 16 -1 
-15.5675 0 0 10 16 22 -1 15 -1 21 -1 
12.3254 0 0 11 15 19 -1 16 -1 23 -1 
-0.811884 1 0 2 9 16 -1 2 -1 6 -1 
-0.263787 1 0 11 15 19 -1 5 -1 6 -1 
-0.767047 1 0 14 19 24 -1 3 -1 5 -1 
3.013 0 0 2 3 4 -1 6 -1 18 -1 
8.54918 1 0 11 14 17 -1 3 -1 15 -1 
10.5911 0 1 0 -1 7 -1 15 18 21 -1 
-49.0593 0 0 9 16 23 -1 9 -1 20 -1 
-30.1873 0 0 11 17 23 -1 11 -1 23 -1 
-36.1387 0 1 2 -1 20 -1 1 4 7 -1 
-7.4929 0 1 5 -1 17 -1 10 12 14 -1 
-35.2314 0 1 5 -1 20 -1 1 4 7 -1 
-55.3551 0 1 5 -1 23 -1 2 12 22 -1 
-0.471416 1 0 22 23 24 -1 5 -1 6 -1 
-0.530894 1 0 14 17 20 -1 2 -1 6 -1 
0.340908 0 0 8 9 10 -1 6 -1 8 -1 
-4.40055 1 1 3 -1 14 -1 5 6 7 -1 
20.9847 1 0 10 14 18 -1 0 -1 21 -1 
1.08542 0 0 6 7 8 -1 10 -1 16 -1 
-11.7069 0 0 13 16 19 -1 11 -1 23 -1 
-0.199134 0 0 22 23 24 -1 0 -1 1 -1 
-4.34204 1 1 3 -1 18 -1 16 17 18 -1 
-45.1004 0 0 9 16 23 -1 11 -1 23 -1 
-4.45207 0 0 14 16 18 -1 14 -1 20 -1 
-0.351325 1 0 14 19 24 -1 4 -1 5 -1 
-4.73271 1 0 3 8 13 -1 20 -1 21 -1 
-41.3082 0 0 1 9 17 -1 12 -1 21 -1 
-82.197 0 1 6 -1 23 -1 0 11 22 -1 
-5.54251 0 1 7 -1 17 -1 10 12 14 -1 
-3.30103 1 1 6 -1 12 -1 5 6 7 -1 
74.3572 1 2 0 6 12 18 5 -1 16 -1 
48.476 1 2 0 6 12 18 8 -1 15 -1 
0.5709 0 2 2 3 4 5 18 -1 20 -1 
20.9644 1 0 7 13 19 -1 0 -1 21 -1 
-1.00877 1 0 10 16 22 -1 5 -1 6 -1 
33.2258 1 2 4 9 14 19 7 -1 11 -1 
-7.39342 0 2 5 10 15 20 3 -1 5 -1 
3.18797 0 0 10 14 18 -1 18 -1 20 -1 
5.74315 1 0 8 12 16 -1 8 -1 15 -1 
-9.73105 0 0 14 16 18 -1 11 -1 23 -1 
-6.39517 0 1 8 -1 16 -1 10 12 14 -1 
8.09836 0 2 6 9 12 15 6 -1 8 -1 
3.55689 0 0 8 12 16 -1 6 -1 18 -1 
3.50261 1 0 9 13 17 -1 11 -1 13 -1 
6.60823 1 0 10 13 16 -1 7 -1 11 -1 
-3.08157 0 0 11 15 19 -1 18 -1 20 -1 
-17.6631 0 0 11 17 23 -1 12 -1 21 -1 
-1.09734 1 0 13 14 15 -1 15 -1 21 -1 
-1.17365 1 0 0 11 22 -1 5 -1 6 -1 
-43.4311 0 2 6 12 18 24 5 -1 16 -1 
-16.1045 1 2 10 13 16 19 16 -1 23 -1 
8.84411 1 0 11 14 17 -1 4 -1 15 -1 
0.193879 1 2 11 13 15 17 0 -1 1 -1 
0.711939 0 0 4 5 6 -1 18 -1 20 -1 
-2.86864 1 0 12 18 24 -1 2 -1 6 -1 
-0.340212 0 1 0 -1 1 -1 14 16 18 -1 
-0.776643 1 1 5 -1 8 -1 11 12 13 -1 
-2.25221 1 2 4 5 6 7 0 -1 11 -1 
-6.76403 0 0 18 20 22 -1 9 -1 20 -1 
-33.1884 0 0 10 16 22 -1 11 -1 23 -1 
-54.8387 0 1 4 -1 22 -1 3 12 21 -1 
0.622371 1 1 10 -1 23 -1 1 2 3 -1 
-31.7059 1 1 0 -1 17 -1 7 12 17 -1 
-5.23316 1 0 10 17 24 -1 2 -1 6 -1 
-64.1774 0 1 2 -1 23 -1 3 12 21 -1 
0.562618 0 1 7 -1 8 -1 17 18 19 -1 
15.819 1 0 7 13 19 -1 6 -1 18 -1 
-5.626 0 2 9 11 13 15 2 -1 6 -1 
-43.5314 1 1 0 -1 19 -1 6 12 18 -1 
-26.9319 0 1 14 -1 20 -1 0 11 22 -1 
7.1788 0 2 3 8 13 18 20 -1 21 -1 
-5.86526 0 0 1 9 17 -1 20 -1 21 -1 
-19.1493 0 0 14 18 22 -1 11 -1 23 -1 
-1.46658 0 2 9 11 13 15 4 -1 5 -1 
-23.849 0 2 11 15 19 23 0 -1 11 -1 
-0.406715 1 2 3 4 5 6 18 -1 20 -1 
66.4376 1 2 1 7 13 19 4 -1 15 -1 
-0.171054 0 2 8 10 12 14 0 -1 1 -1 
-11.4444 0 2 12 15 18 21 1 -1 8 -1 
27.9965 1 3 5 -1 8 -1 0 7 14 21 
25.5577 0 3 0 -1 14 -1 3 6 9 12 
-4.75686 0 0 14 16 18 -1 13 -1 20 -1 
-0.959603 1 3 19 -1 20 -1 12 13 14 15 
11.4805 1 2 0 4 8 12 2 -1 6 -1 
6.20346 1 2 13 15 17 19 12 -1 21 -1 
4.45639 0 0 3 4 5 -1 1 -1 18 -1 
-41.3984 1 4 5 14 23 -1 12 17 22 -1 
-23.8204 1 0 10 17 24 -1 16 -1 23 -1 
-0.0136496 1 1 11 -1 21 -1 16 17 18 -1 
-4.39534 1 0 5 6 7 -1 9 -1 20 -1 
-19.4748 0 0 2 13 24 -1 16 -1 23 -1 
2.07721 0 0 12 13 14 -1 15 -1 21 -1 
-15.6302 1 0 5 13 21 -1 0 -1 21 -1 
-0.184694 1 0 11 12 13 -1 5 -1 6 -1 
4.87053 1 0 12 14 16 -1 3 -1 15 -1 
2.02822 0 0 6 9 12 -1 20 -1 21 -1 
-0.292781 1 0 14 18 22 -1 5 -1 6 -1 
-1.38209 1 0 7 8 9 -1 16 -1 23 -1 
-76.8044 0 0 4 14 24 -1 11 -1 23 -1 
0.361353 0 0 12 13 14 -1 11 -1 13 -1 

200
0.0157408
5.20779e-05 0.0017337 -0.000907794 0.000143442 5.78369e-07 0.00107073 0.000246647 -0.000166353 -0.000330084 0.000787759 0.000288263 -0.00121055 0.000859517 0.000134535 0.00160383 0.000984663 6.91379e-06 -0.000860362 -0.000327328 -0.000782768 -0.000679177 9.41124e-05 0.000338143 -0.000234684 0.000881555 -0.000251618 -0.00122229 0.00267816 0.00185294 0.00144476 5.24716e-05 0.000708351 0.00159077 0.00187098 0.000965908 -9.86485e-05 0.000353813 -0.000304129 -0.000237362 0.000976319 -0.0020848 0.00319297 0.00113871 0.000885078 0.000715733 -0.00136122 0.00193429 -0.000788493 0.00187016 0.000228738 -0.000499083 0.00212578 0.001232 -0.00117071 0.000532216 -0.000541369 0.00129172 6.92313e-05 -0.00078848 0.00131809 -2.21976e-05 0.00304368 -0.000352027 -0.000638579 0.000360689 0.000590116 -0.00102801 0.000840562 0.000352501 -0.00101815 -0.00102106 -0.00130674 0.000346302 0.00217311 -0.000876803 -0.000582802 -0.00143835 0.000628806 0.000231977 0.000352952 0.00134009 -0.000780995 0.00129677 0.000633557 0.00150179 -0.00085769 -4.50054e-05 0.000450135 0.000673106 -0.000623977 -0.000308061 -0.000328297 0.00115108 -0.0012589 -0.000741632 -0.000990666 3.97733e-05 0.00210546 1.14082e-05 -0.000131541 0.00124292 0.000127262 -0.000695206 0.0021502 0.00077743 0.000518652 -0.000155793 -0.000108933 0.00187498 0.000359567 -0.000553668 -0.000982252 -2.84566e-05 -0.00142814 -0.00286774 0.00059504 -0.000689648 -0.000442591 -0.000618575 0.000658391 -0.00154664 0.00133251 0.000446911 -0.000693187 -0.000818117 0.000363145 0.000740991 -0.000436932 -0.000170036 0.000135331 0.000158772 -8.99297e-05 -0.000378275 0.000188474 0.000349656 0.000138088 0.00141097 0.00106072 0.000439315 0.00162453 0.000523089 -0.00212883 0.00187778 -0.00139566 -0.000507605 -3.11424e-06 0.00195299 -0.00117483 -0.000699143 -0.000689961 0.000395361 0.000926729 0.000996232 0.00177533 0.00075937 0.00214327 -0.000716674 0.00104645 -0.000707851 0.000434539 -0.00209106 -0.000762571 0.00187616 -0.00135907 0.000204231 0.00214292 -0.00103928 2.94872e-05 0.000966054 0.00105069 0.00243584 0.00186232 -0.000585117 0.000599844 0.000777811 -0.00199555 0.00185295 0.000103795 -1.26623e-05 -0.000215166 0.000803579 -0.000489357 0.00129337 0.00041269 0.000755576 0.000166985 0.000660625 0.000464952 0.000452288 -0.000297195 -0.00115605 0.000141577 0.000623882 0.000243964 -0.0011317 0.0009845 0.000250315 -0.00108204 -2.21033e-05 -0.00175721 
-0.0137229 1 0 0 1 2 -1 0 -1 1 -1 
-4.41959 1 1 4 -1 14 -1 5 6 7 -1 
18.7996 0 4 6 13 20 -1 8 13 18 -1 
-4.43329 1 0 20 22 24 -1 16 -1 23 -1 
-37.4491 1 1 0 -1 11 -1 0 11 22 -1 
1.04596 0 3 17 -1 18 -1 11 12 13 14 
-0.599329 1 0 15 19 23 -1 3 -1 5 -1 
4.95808 0 4 13 16 19 -1 10 12 14 -1 
-37.1844 1 0 3 11 19 -1 5 -1 16 -1 
6.86025 0 3 1 -1 11 -1 16 18 20 22 
0.159673 1 1 16 -1 20 -1 1 2 3 -1 
-21.5884 0 2 14 17 20 23 9 -1 20 -1 
-9.01713 1 4 16 20 24 -1 2 6 10 -1 
-0.552624 1 0 12 18 24 -1 0 -1 1 -1 
0.0966478 1 2 19 20 21 22 0 -1 1 -1 
-1.33206 1 3 18 -1 20 -1 12 13 14 15 
1.06026 0 3 15 -1 22 -1 7 9 11 13 
5.22837 0 0 11 13 15 -1 11 -1 23 -1 
-1.22608 1 0 2 12 22 -1 4 -1 5 -1 
-30.1873 0 0 11 17 23 -1 11 -1 23 -1 
2.50305 1 0 9 12 15 -1 11 -1 13 -1 
0.455474 0 0 11 12 13 -1 5 -1 6 -1 
-48.1758 0 0 3 10 17 -1 11 -1 23 -1 
1.61688 1 0 10 13 16 -1 9 -1 10 -1 
30.998 1 1 4 -1 15 -1 6 14 22 -1 
1.60978 0 2 10 11 12 13 11 -1 13 -1 
-0.351325 1 0 14 19 24 -1 4 -1 5 -1 
-50.692 1 1 2 -1 19 -1 6 12 18 -1 
4.87565 0 1 9 -1 18 -1 7 14 21 -1 
-42.3024 1 0 8 12 16 -1 0 -1 21 -1 
1.6835 0 0 6 8 10 -1 9 -1 10 -1 
-13.4554 0 0 12 18 24 -1 11 -1 13 -1 
5.24668 0 0 2 8 14 -1 20 -1 21 -1 
13.3742 1 0 10 14 18 -1 8 -1 15 -1 
3.91309 0 1 2 -1 3 -1 14 18 22 -1 
-66.4894 0 0 8 16 24 -1 11 -1 23 -1 
-9.69707 0 0 11 15 19 -1 15 -1 21 -1 
-12.2576 0 0 11 16 21 -1 15 -1 21 -1 
-0.311753 1 0 14 19 24 -1 0 -1 1 -1 
-5.19852 0 0 17 19 21 -1 10 -1 16 -1 
-2.61352 1 1 2 -1 10 -1 5 6 7 -1 
18.954 0 1 12 -1 23 -1 5 14 23 -1 
1.12259 0 1 10 -1 20 -1 3 4 5 -1 
-4.16122 1 0 1 10 19 -1 9 -1 10 -1 
-1.16479 1 1 10 -1 13 -1 21 22 23 -1 
5.95156 1 2 13 16 19 22 13 -1 20 -1 
1.19704 1 1 19 -1 22 -1 7 8 9 -1 
-2.99502 1 0 5 12 19 -1 9 -1 10 -1 
5.96477 1 0 10 13 16 -1 7 -1 11 -1 
1.48421 0 4 12 13 14 -1 3 8 13 -1 
0.270188 1 1 15 -1 23 -1 1 2 3 -1 
0.968749 1 2 8 12 16 20 0 -1 1 -1 
0.0518066 1 1 22 -1 23 -1 1 2 3 -1 
-9.71241 0 0 16 18 20 -1 9 -1 20 -1 
0.541312 0 0 8 9 10 -1 9 -1 10 -1 
15.5582 1 0 10 14 18 -1 5 -1 16 -1 
-4.55374 0 0 13 15 17 -1 14 -1 20 -1 
-2.10704 0 0 18 19 20 -1 10 -1 16 -1 
-4.39713 1 1 3 -1 14 -1 5 6 7 -1 
-2.16292 1 2 12 13 14 15 1 -1 8 -1 
-28.0175 1 0 4 12 20 -1 0 -1 21 -1 
-2.16517 1 0 14 16 18 -1 14 -1 20 -1 
3.12917 0 1 2 -1 23 -1 9 14 19 -1 
8.39044 1 0 11 14 17 -1 3 -1 15 -1 
-8.1596 0 0 12 15 18 -1 12 -1 21 -1 
-7.7839 0 0 13 15 17 -1 11 -1 23 -1 
-4.52189 0 0 13 15 17 -1 13 -1 20 -1 
-1.70906 1 0 14 19 24 -1 2 -1 6 -1 
0.764257 1 1 18 -1 20 -1 8 9 10 -1 
74.3353 1 2 0 6 12 18 5 -1 16 -1 
0.778386 0 1 11 -1 12 -1 17 20 23 -1 
-4.74055 0 0 0 9 18 -1 20 -1 21 -1 
-4.73271 1 0 3 8 13 -1 20 -1 21 -1 
4.40966 0 3 7 -1 12 -1 18 20 22 24 
8.84411 1 0 11 14 17 -1 4 -1 15 -1 
-2.13927 0 0 17 18 19 -1 10 -1 16 -1 
3.48825 1 1 12 -1 15 -1 1 4 7 -1 
2.01201 0 2 1 2 3 4 11 -1 13 -1 
0.231535 1 2 18 20 22 24 0 -1 1 -1 
8.304 1 2 5 10 15 20 9 -1 10 -1 
1.64245 1 2 5 11 17 23 0 -1 1 -1 
-22.5876 0 2 8 13 18 23 7 -1 11 -1 
-27.2783 0 2 9 13 17 21 8 -1 15 -1 
-4.76834 1 2 12 13 14 15 16 -1 23 -1 
1.00895 0 0 5 10 15 -1 6 -1 8 -1 
-1.25747 1 0 3 12 21 -1 5 -1 6 -1 
0.470733 0 0 12 13 14 -1 6 -1 8 -1 
0.121448 1 3 14 -1 15 -1 15 16 17 18 
-4.08668 1 2 10 13 16 19 11 -1 13 -1 
-12.2679 1 0 1 9 17 -1 7 -1 11 -1 
-2.89532 1 0 12 18 24 -1 2 -1 6 -1 
-0.0294086 1 0 16 18 20 -1 0 -1 1 -1 
-0.163997 1 0 16 20 24 -1 0 -1 1 -1 
-23.4663 1 1 0 -1 13 -1 9 14 19 -1 
-0.877375 1 0 4 12 20 -1 5 -1 6 -1 
-33.1884 0 0 10 16 22 -1 11 -1 23 -1 
-6.52244 1 1 4 -1 11 -1 0 7 14 -1 
-0.419404 0 0 2 7 12 -1 0 -1 11 -1 
-0.258216 1 1 0 -1 2 -1 4 7 10 -1 
-0.455898 1 4 19 21 23 -1 4 5 6 -1 
-1.47248 0 0 20 21 22 -1 10 -1 16 -1 
-4.6477 1 2 14 15 16 17 15 -1 21 -1 
-10.5275 1 0 0 9 18 -1 1 -1 8 -1 
-31.7056 1 1 0 -1 17 -1 7 12 17 -1 
3.96371 1 0 0 9 18 -1 11 -1 23 -1 
1.26473 0 0 8 9 10 -1 0 -1 11 -1 
0.202137 0 0 11 12 13 -1 20 -1 21 -1 
-0.999386 1 0 11 17 23 -1 5 -1 6 -1 
-4.89334 0 0 13 15 17 -1 12 -1 21 -1 
56.0549 1 1 0 -1 23 -1 2 12 22 -1 
-2.70372 1 1 0 -1 24 -1 16 17 18 -1 
-6.70661 0 0 13 16 19 -1 12 -1 21 -1 
2.28673 0 1 0 -1 18 -1 17 18 19 -1 
-58.1645 0 0 0 12 24 -1 16 -1 23 -1 
0.922917 1 1 0 -1 23 -1 1 2 3 -1 
12.5338 0 1 5 -1 24 -1 7 14 21 -1 
-10.2556 1 0 14 18 22 -1 8 -1 15 -1 
-8.96326 1 0 0 8 16 -1 7 -1 11 -1 
0.900354 0 0 2 3 4 -1 7 -1 11 -1 
3.37299 0 0 3 5 7 -1 2 -1 16 -1 
-38.5541 0 0 0 8 16 -1 13 -1 20 -1 
-5.92109 0 0 13 16 19 -1 14 -1 20 -1 
-0.320212 1 0 16 19 22 -1 3 -1 5 -1 
-8.79256 0 0 16 19 22 -1 10 -1 16 -1 
-0.118098 1 0 17 19 21 -1 3 -1 5 -1 
1.41323 0 0 13 14 15 -1 12 -1 21 -1 
-4.21554 1 1 4 -1 13 -1 16 17 18 -1 
-54.8387 0 1 4 -1 22 -1 3 12 21 -1 
-70.7024 0 1 5 -1 23 -1 1 12 23 -1 
-54.078 0 1 6 -1 20 -1 2 12 22 -1 
-0.704206 1 1 18 -1 19 -1 0 5 10 -1 
2.21731 0 0 5 8 11 -1 1 -1 8 -1 
-4.76613 1 3 2 -1 7 -1 9 11 13 15 
-12.6841 0 0 13 17 21 -1 11 -1 23 -1 
-64.1774 0 1 2 -1 23 -1 3 12 21 -1 
10.0416 0 1 6 -1 22 -1 8 13 18 -1 
-8.98909 1 0 15 18 21 -1 8 -1 15 -1 
-21.0178 1 0 0 9 18 -1 7 -1 11 -1 
2.84796 0 0 12 13 14 -1 0 -1 21 -1 
-11.8297 1 0 3 11 19 -1 7 -1 21 -1 
-0.711273 1 0 12 18 24 -1 4 -1 5 -1 
-43.5216 1 1 0 -1 19 -1 6 12 18 -1 
69.7877 1 1 0 -1 23 -1 3 12 21 -1 
0.340908 0 0 8 9 10 -1 6 -1 8 -1 
-0.600452 1 0 18 19 20 -1 7 -1 21 -1 
-0.278625 1 0 12 16 20 -1 5 -1 6 -1 
0.841576 1 1 2 -1 23 -1 1 2 3 -1 
-25.7251 1 0 8 16 24 -1 16 -1 23 -1 
-15.203 1 0 1 10 19 -1 9 -1 20 -1 
-10.0485 0 0 11 17 23 -1 14 -1 20 -1 
11.0545 0 1 3 -1 22 -1 0 3 6 -1 
-1.8475 1 1 4 -1 16 -1 2 6 10 -1 
0.337621 0 1 2 -1 3 -1 0 3 6 -1 
-0.857255 1 2 20 21 22 23 6 -1 8 -1 
-2.96638 1 0 0 9 18 -1 6 -1 8 -1 
-5.99097 0 0 1 9 17 -1 18 -1 20 -1 
0.711939 0 0 4 5 6 -1 18 -1 20 -1 
-0.0855432 0 0 9 12 15 -1 0 -1 21 -1 
2.25022 0 1 19 -1 22 -1 11 12 13 -1 
-23.1395 1 0 2 11 20 -1 7 -1 21 -1 
-15.7972 0 0 11 17 23 -1 15 -1 21 -1 
1.57827 0 0 12 13 14 -1 14 -1 20 -1 
-3.53479 1 0 4 12 20 -1 2 -1 6 -1 
-0.46708 1 0 14 16 18 -1 1 -1 8 -1 
-11.9718 0 0 17 20 23 -1 8 -1 15 -1 
-4.83528 0 0 18 21 24 -1 11 -1 13 -1 
0.383207 1 0 19 21 23 -1 6 -1 8 -1 
1.72048 0 0 11 12 13 -1 5 -1 16 -1 
-1.50565 1 0 4 13 22 -1 5 -1 6 -1 
15.6613 1 0 4 13 22 -1 10 -1 16 -1 
-17.6631 0 0 11 17 23 -1 12 -1 21 -1 
-12.7412 1 1 1 -1 18 -1 9 12 15 -1 
-2.06647 0 1 1 -1 23 -1 6 14 22 -1 
6.58907 0 1 0 -1 20 -1 2 4 6 -1 
1.30767 0 2 0 1 2 3 7 -1 11 -1 
3.16831 1 0 5 11 17 -1 9 -1 20 -1 
-7.23341 0 0 12 17 22 -1 14 -1 20 -1 
-3.48979 1 1 2 -1 12 -1 1 6 11 -1 
-5.96517 1 0 4 8 12 -1 18 -1 20 -1 
1.60685 0 0 7 10 13 -1 20 -1 21 -1 
5.7426 1 0 8 12 16 -1 8 -1 15 -1 
0.905582 0 0 3 6 9 -1 6 -1 8 -1 
-0.625631 1 0 12 15 18 -1 2 -1 6 -1 
-0.507286 1 0 9 10 11 -1 6 -1 8 -1 
-4.40172 0 0 16 18 20 -1 10 -1 16 -1 
-0.136258 1 0 16 19 22 -1 4 -1 5 -1 
-0.0326017 0 0 9 13 17 -1 5 -1 16 -1 
-14.0184 1 2 4 9 14 19 16 -1 23 -1 
6.58388 1 0 5 14 23 -1 9 -1 20 -1 
-16.5905 0 0 3 9 15 -1 1 -1 8 -1 
-0.897019 1 0 4 7 10 -1 6 -1 8 -1 
-0.483915 1 3 7 -1 10 -1 3 4 5 6 
-52.4819 1 0 0 11 22 -1 7 -1 21 -1 
-24.0739 1 0 0 12 24 -1 9 -1 20 -1 
-13.9572 0 0 4 9 14 -1 1 -1 8 -1 
-1.18543 1 0 3 6 9 -1 9 -1 10 -1 
-71.0189 1 0 1 12 23 -1 5 -1 16 -1 
-10.681 0 1 1 -1 21 -1 7 14 21 -1 
-24.3689 1 1 1 -1 15 -1 9 14 19 -1 
-3.58908 0 0 17 19 21 -1 12 -1 21 -1 

200
0.0406874
-8.83585e-05 0.0013165 0.000621132 -0.000833976 -0.0012985 0.000151631 0.000636784 -0.000226177 0.00117427 0.000979612 -0.000199216 0.000514808 0.00106136 -0.000219988 0.000453148 0.000961626 0.00102145 -0.00086755 -0.00156224 -0.00128003 0.00172847 -0.00145209 0.00090104 0.000608784 0.00102642 -0.000581113 -0.00130451 0.00265345 -0.00168532 -0.00198135 0.000789069 0.00100704 0.00273362 -0.00102474 -0.000619064 -0.000780384 0.00571872 0.00575191 0.00123049 -0.000587816 -0.000710961 0.000268568 0.000749416 -0.000681692 0.000297658 -0.003268 -0.00222706 -0.00014476 0.00361302 0.000543568 0.00155489 -0.000695779 -0.000477497 0.00084278 -8.80951e-05 0.00144488 -0.000578119 0.000763993 -3.4459e-05 0.00054965 -0.000654198 -0.000303348 0.000667505 0.00106065 -0.00135487 -0.000672204 0.000861941 0.000611635 0.00101581 -0.000268248 0.00118465 -0.00435959 -0.000964305 0.000485896 0.000944189 0.00130383 0.000574522 0.0014831 -0.00361232 0.00198804 0.000629499 0.00294166 0.00236624 -0.0010371 0.0011807 0.00516525 0.00221146 -0.001777 0.000539062 0.000315346 1.6055e-05 -0.000257417 -0.000773338 -0.000306456 0.000477568 0.000738974 0.0011692 0.000253045 0.000224235 6.97787e-06 -0.000477696 0.000221852 0.000390175 0.00033148 -0.000936227 -0.000350264 0.00053293 0.000235653 -0.00184239 -0.00151471 6.85259e-05 -0.000198157 -0.000835767 0.00192609 0.000282979 -0.000153817 0.000897764 -0.00103409 0.00408627 0.000342879 -0.000115628 0.000515746 0.00110865 -0.00137845 0.000561513 -0.00159436 0.000122297 0.000151713 0.00230564 0.000107292 0.00127583 0.00147226 0.00173333 -0.000537252 1.04816e-05 0.000971543 -0.00180625 0.0030415 0.00171485 -0.000676532 -0.000111797 0.000226039 0.000554103 -0.000211611 0.00164395 0.000179136 0.00304228 0.00455708 0.00100332 0.00031837 -0.000618043 -0.000670728 0.000530619 -0.000687164 -0.000237445 -0.000787287 0.00125765 0.000800972 3.84493e-05 -0.000450207 -0.000553013 0.000634797 0.00110073 0.00073578 -0.00198699 0.000672312 -0.000187061 -0.00114526 0.000252994 0.00204563 -0.000175087 -0.000315558 0.000324406 0.000898859 0.000289007 0.000165495 0.000460706 0.000852959 7.91378e-05 -0.000225224 -0.000294744 9.05155e-05 0.00293991 -0.00105235 0.000309056 0.00109399 0.0012667 0.00192853 0.0015013 0.00042449 -1.08534e-05 -0.000252885 0.000830755 0.000377293 0.00106366 -0.000439396 0.000741016 8.69406e-06 0.000676713 -0.000193222 
-0.0137229 1 0 0 1 2 -1 0 -1 1 -1 
-4.41959 1 1 4 -1 14 -1 5 6 7 -1 
20.9156 0 4 6 13 20 -1 8 13 18 -1 
-4.43499 1 0 20 22 24 -1 16 -1 23 -1 
-12.334 1 1 0 -1 6 -1 0 11 22 -1 
-0.301602 0 4 14 17 20 -1 18 20 22 -1 
0.516402 0 4 16 17 18 -1 12 13 14 -1 
-0.316206 1 0 1 6 11 -1 0 -1 1 -1 
-1.03764 1 2 12 13 14 15 11 -1 13 -1 
0.362448 1 1 13 -1 22 -1 1 2 3 -1 
35.3279 0 2 4 9 14 19 15 -1 21 -1 
-0.299372 1 0 15 19 23 -1 4 -1 5 -1 
41.3703 0 3 18 -1 24 -1 1 6 11 16 
-20.723 1 0 5 11 17 -1 5 -1 16 -1 
-0.14849 1 0 14 17 20 -1 20 -1 21 -1 
-2.75417 1 3 6 -1 18 -1 15 16 17 18 
33.9432 1 1 3 -1 17 -1 5 14 23 -1 
-9.95534 1 4 0 10 20 -1 7 10 13 -1 
-3.70817 1 0 4 11 18 -1 9 -1 10 -1 
18.7797 1 1 7 -1 14 -1 10 14 18 -1 
1.80676 0 2 15 16 17 18 1 -1 8 -1 
-0.260838 1 0 13 17 21 -1 0 -1 1 -1 
1.09232 0 3 17 -1 18 -1 11 12 13 14 
0.248764 1 1 13 -1 17 -1 1 2 3 -1 
1.43522 0 0 6 8 10 -1 9 -1 10 -1 
34.9895 1 1 5 -1 23 -1 14 18 22 -1 
-0.311753 1 0 14 19 24 -1 0 -1 1 -1 
119.79 0 3 0 -1 21 -1 5 11 17 23 
-39.5823 0 1 18 -1 23 -1 0 9 18 -1 
-62.5624 0 0 0 5 10 -1 3 -1 15 -1 
3.03227 0 2 7 8 9 10 13 -1 20 -1 
-13.8626 1 0 4 10 16 -1 3 -1 15 -1 
-4.89342 0 1 10 -1 24 -1 9 10 11 -1 
-2.17687 0 3 13 -1 14 -1 15 18 21 24 
-19.898 0 4 7 11 15 -1 3 10 17 -1 
-70.7024 0 1 5 -1 23 -1 1 12 23 -1 
-58.7664 0 0 0 5 10 -1 4 -1 15 -1 
-59.932 0 0 0 5 10 -1 5 -1 16 -1 
-12.2576 0 0 11 16 21 -1 15 -1 21 -1 
-17.8346 0 0 15 18 21 -1 8 -1 15 -1 
5.03055 0 1 10 -1 18 -1 0 3 6 -1 
8.44385 1 1 1 -1 17 -1 1 4 7 -1 
9.6358 0 1 3 -1 17 -1 0 3 6 -1 
7.81487 1 1 2 -1 20 -1 1 4 7 -1 
-62.124 0 0 0 5 10 -1 2 -1 16 -1 
-40.4246 0 0 0 5 10 -1 8 -1 15 -1 
-12.4917 1 0 4 10 16 -1 4 -1 15 -1 
-8.42653 0 0 12 14 16 -1 11 -1 23 -1 
81.6558 1 1 0 -1 23 -1 12 17 22 -1 
-48.3532 0 1 7 -1 21 -1 4 11 18 -1 
-19.8045 1 1 7 -1 23 -1 0 3 6 -1 
-66.4894 0 0 8 16 24 -1 11 -1 23 -1 
-1.39716 1 0 15 16 17 -1 7 -1 11 -1 
-1.04221 1 0 7 11 15 -1 9 -1 10 -1 
3.85164 0 2 2 4 6 8 2 -1 6 -1 
-9.35247 0 0 15 17 19 -1 11 -1 23 -1 
-9.71241 0 0 16 18 20 -1 9 -1 20 -1 
-0.125515 1 0 16 19 22 -1 0 -1 1 -1 
-8.01352 1 3 3 -1 9 -1 0 3 6 9 
-29.0831 0 2 12 16 20 24 2 -1 16 -1 
-27.8406 1 3 0 -1 18 -1 2 4 6 8 
1.98583 0 0 12 13 14 -1 0 -1 11 -1 
0.0511179 1 4 16 17 18 -1 16 17 18 -1 
-9.17551 1 0 5 11 17 -1 7 -1 11 -1 
10.5911 0 1 0 -1 7 -1 15 18 21 -1 
-37.1787 0 0 1 6 11 -1 0 -1 11 -1 
-3.36081 1 0 4 10 16 -1 7 -1 21 -1 
-8.65175 0 0 13 15 17 -1 11 -1 23 -1 
-0.240462 1 0 14 18 22 -1 0 -1 1 -1 
-0.120712 1 0 15 18 21 -1 0 -1 1 -1 
47.8227 1 1 0 -1 23 -1 14 18 22 -1 
-4.73078 0 1 0 -1 24 -1 9 10 11 -1 
-3.62368 0 1 2 -1 23 -1 9 14 19 -1 
-41.9879 1 1 0 -1 19 -1 6 12 18 -1 
1.21045 0 4 0 10 20 -1 5 6 7 -1 
-7.85324 1 0 5 10 15 -1 5 -1 16 -1 
63.336 1 1 2 -1 23 -1 12 17 22 -1 
53.1928 1 1 3 -1 23 -1 13 18 23 -1 
-51.9394 0 1 6 -1 23 -1 4 11 18 -1 
16.762 1 1 10 -1 12 -1 8 15 22 -1 
3.48419 1 1 12 -1 15 -1 1 4 7 -1 
8.46071 1 1 12 -1 17 -1 15 18 21 -1 
46.5707 0 1 1 -1 20 -1 12 17 22 -1 
51.1682 1 1 2 -1 24 -1 13 18 23 -1 
-3.21673 0 0 4 7 10 -1 9 -1 10 -1 
-4.66368 0 1 2 -1 24 -1 9 10 11 -1 
-5.0311 1 1 10 -1 20 -1 3 4 5 -1 
-30.2848 0 2 12 16 20 24 5 -1 16 -1 
5.95032 0 2 1 3 5 7 0 -1 11 -1 
-9.69707 0 0 11 15 19 -1 15 -1 21 -1 
7.33328 0 0 2 9 16 -1 18 -1 20 -1 
-8.9669 1 0 0 8 16 -1 7 -1 11 -1 
0.541312 0 0 8 9 10 -1 9 -1 10 -1 
-33.1758 1 1 0 -1 12 -1 6 10 14 -1 
-1.46964 0 0 15 16 17 -1 11 -1 23 -1 
2.07113 0 0 6 8 10 -1 7 -1 11 -1 
1.79057e-05 1 0 16 17 18 -1 3 -1 5 -1 
-0.887672 1 0 3 4 5 -1 10 -1 16 -1 
3.00225 0 4 12 18 24 -1 12 13 14 -1 
-11.5539 1 1 3 -1 13 -1 4 9 14 -1 
-1.55957 1 0 0 11 22 -1 4 -1 5 -1 
-2.91678 1 2 9 10 11 12 11 -1 23 -1 
-25.7237 1 0 8 16 24 -1 16 -1 23 -1 
-38.4762 0 0 0 8 16 -1 13 -1 20 -1 
-46.6098 0 0 9 16 23 -1 11 -1 23 -1 
-10.5179 0 0 16 18 20 -1 7 -1 21 -1 
-0.170094 1 0 16 20 24 -1 0 -1 1 -1 
1.92207 0 0 11 13 15 -1 6 -1 8 -1 
3.46063 1 0 5 13 21 -1 6 -1 18 -1 
-24.168 1 3 0 -1 10 -1 4 8 12 16 
0.212428 1 0 2 8 14 -1 20 -1 21 -1 
2.69729 0 0 2 9 16 -1 20 -1 21 -1 
-0.0294206 1 0 16 18 20 -1 0 -1 1 -1 
-72.0351 0 1 3 -1 22 -1 2 12 22 -1 
-4.48949 0 1 3 -1 23 -1 9 10 11 -1 
-4.47747 0 1 4 -1 23 -1 9 10 11 -1 
45.0372 1 1 6 -1 14 -1 8 15 22 -1 
11.519 1 1 10 -1 22 -1 15 18 21 -1 
-2.74306 0 1 11 -1 16 -1 9 10 11 -1 
-3.51831 0 1 11 -1 21 -1 9 10 11 -1 
-1.25819 1 2 4 5 6 7 11 -1 13 -1 
-2.12829 0 0 17 18 19 -1 8 -1 15 -1 
30.5663 1 2 3 7 11 15 10 -1 16 -1 
-13.5886 1 0 13 16 19 -1 7 -1 21 -1 
3.50352 1 0 9 13 17 -1 11 -1 13 -1 
-5.64448 0 0 13 16 19 -1 14 -1 20 -1 
-2.30374 1 2 12 13 14 15 13 -1 20 -1 
-17.2023 0 0 3 7 11 -1 7 -1 11 -1 
-13.913 0 0 12 18 24 -1 11 -1 13 -1 
-0.893673 1 0 19 20 21 -1 7 -1 11 -1 
5.74653 1 0 8 12 16 -1 8 -1 15 -1 
43.6488 1 1 4 -1 23 -1 13 18 23 -1 
-17.0636 1 1 8 -1 22 -1 0 3 6 -1 
-48.5565 0 0 10 17 24 -1 11 -1 23 -1 
-0.0351319 1 0 17 19 21 -1 0 -1 1 -1 
24.0712 1 2 0 5 10 15 10 -1 16 -1 
66.3064 1 2 0 6 12 18 3 -1 15 -1 
-43.4311 0 2 6 12 18 24 5 -1 16 -1 
17.1449 1 2 7 11 15 19 7 -1 11 -1 
0.509927 0 0 11 12 13 -1 5 -1 6 -1 
1.61473 1 0 10 13 16 -1 9 -1 10 -1 
2.28673 0 1 0 -1 18 -1 17 18 19 -1 
-33.1884 0 0 10 16 22 -1 11 -1 23 -1 
-2.79325 1 1 1 -1 12 -1 5 6 7 -1 
-1.94141 1 1 0 -1 9 -1 6 12 18 -1 
-12.5751 0 0 4 7 10 -1 7 -1 11 -1 
45.045 1 1 2 -1 23 -1 14 18 22 -1 
86.0641 1 2 0 6 12 18 1 -1 18 -1 
-4.37006 0 2 5 11 17 23 4 -1 5 -1 
-5.0411 1 1 4 -1 6 -1 13 16 19 -1 
-42.5693 0 2 7 12 17 22 4 -1 15 -1 
-38.2161 0 2 7 12 17 22 5 -1 16 -1 
-10.0006 1 2 8 11 14 17 15 -1 21 -1 
1.68812 1 0 4 10 16 -1 9 -1 20 -1 
-1.02582 1 0 6 11 16 -1 0 -1 21 -1 
-11.2234 0 1 2 -1 17 -1 8 15 22 -1 
-4.21003 1 0 3 6 9 -1 7 -1 11 -1 
-3.48469 0 0 0 5 10 -1 9 -1 10 -1 
3.31384 0 0 5 14 23 -1 20 -1 21 -1 
-14.7622 1 0 4 11 18 -1 7 -1 11 -1 
0 1 0 17 18 19 -1 2 -1 6 -1 
2.9803 1 0 18 20 22 -1 7 -1 11 -1 
15.0822 1 1 8 -1 13 -1 10 14 18 -1 
-1.26417 1 1 8 -1 13 -1 19 20 21 -1 
-36.7871 0 2 6 11 16 21 1 -1 18 -1 
-17.8168 1 2 8 12 16 20 2 -1 16 -1 
-58.1645 0 0 0 12 24 -1 16 -1 23 -1 
2.50244 1 0 9 12 15 -1 11 -1 13 -1 
-6.34452 0 0 14 16 18 -1 12 -1 21 -1 
-53.5635 1 1 2 -1 19 -1 6 12 18 -1 
2.23007 0 1 3 -1 22 -1 9 14 19 -1 
-2.34806 1 0 11 12 13 -1 0 -1 11 -1 
0.189677 0 0 2 7 12 -1 6 -1 8 -1 
-22.2084 1 3 6 -1 19 -1 11 14 17 20 
-0.0470512 1 0 13 15 17 -1 20 -1 21 -1 
-33.4912 1 1 0 -1 22 -1 6 10 14 -1 
-4.94719 1 0 0 12 24 -1 3 -1 5 -1 
-0.108938 0 2 0 2 4 6 0 -1 1 -1 
-0.950134 1 3 19 -1 20 -1 12 13 14 15 
-11.1691 1 0 1 8 15 -1 8 -1 15 -1 
0 1 0 17 18 19 -1 3 -1 5 -1 
-1.19035 1 0 0 1 2 -1 6 -1 18 -1 
-8.08189 1 0 2 8 14 -1 3 -1 15 -1 
-21.6721 0 0 10 17 24 -1 15 -1 21 -1 
-2.57414 1 0 5 6 7 -1 10 -1 16 -1 
4.48643 0 0 14 15 16 -1 11 -1 23 -1 
-1.91003 0 0 18 19 20 -1 10 -1 16 -1 
-34.2227 0 1 0 -1 21 -1 5 12 19 -1 
-23.4629 1 1 0 -1 13 -1 9 14 19 -1 
-0.183422 1 0 14 16 18 -1 16 -1 23 -1 
0.391514 0 0 12 13 14 -1 9 -1 10 -1 
3.34787 1 0 12 14 16 -1 7 -1 11 -1 
2.34379 0 1 0 -1 5 -1 2 4 6 -1 
-2.55054 0 0 3 6 9 -1 9 -1 10 -1 
7.43858 0 0 0 8 16 -1 15 -1 21 -1 
-7.36959 1 0 5 10 15 -1 0 -1 21 -1 
-0.0426587 1 0 15 17 19 -1 0 -1 1 -1 
-7.51946 1 0 3 8 13 -1 18 -1 20 -1 
-2.13927 0 0 17 18 19 -1 10 -1 16 -1 
9.63947 1 1 3 -1 19 -1 1 4 7 -1 

